# columns: s h exSize r trial multi_free predicted_positive min_single_F3 min_single_F9 (-99 = not computed)
3 3 2 2 1 8 11 8 8
3 3 2 2 2 10 11 11 11
3 3 2 2 3 10 11 11 11
3 3 2 2 4 7 11 7 7
3 3 3 2 1 9 10 11 11
3 3 3 2 2 9 10 11 11
3 3 3 2 3 9 10 11 11
3 3 3 2 4 9 10 11 11
4 2 1 2 1 5 8 5 5
4 2 1 2 2 8 8 8 8
4 2 1 2 3 5 8 5 5
4 2 1 2 4 8 8 10 10
4 2 2 2 1 6 7 7 7
4 2 2 2 2 6 7 6 6
4 2 2 2 3 6 7 6 6
4 2 2 2 4 6 7 6 6
2 4 4 2 1 9 10 11 11
2 4 4 2 2 9 10 11 11
2 4 4 2 3 6 10 6 6
2 4 4 2 4 6 10 6 6
2 4 6 2 1 9 9 10 10
2 4 6 2 2 9 9 10 10
2 4 6 2 3 9 9 10 10
2 4 6 2 4 9 9 10 10
3 2 1 2 1 5 6 5 5
3 2 1 2 2 5 6 5 5
3 2 1 2 3 5 6 5 5
3 2 1 2 4 5 6 5 5
5 2 1 2 1 10 11 10 10
5 2 1 2 2 10 11 10 10
5 2 1 2 3 10 11 10 10
5 2 1 2 4 3 11 3 3
