9 0 free [1, 5, 6, -6, -9] H [1, 5, 6, 1, 0] excess [0, 0, 0, 7, 9]
9 1 free [1, 5, 6, -6, -9] H [1, 5, 6, 1, 0] excess [0, 0, 0, 7, 9]
10 0 free [1, 6, 11, 0, -15] H [1, 6, 11, 1, 0] excess [0, 0, 0, 1, 15]
10 1 free [1, 6, 11, 0, -15] H [1, 6, 11, 1, 0] excess [0, 0, 0, 1, 15]
11 0 free [1, 7, 17, 11, -15] H [1, 7, 17, 11, 0] excess [0, 0, 0, 0, 15]
11 1 free [1, 7, 17, 11, -15] H [1, 7, 17, 11, 0] excess [0, 0, 0, 0, 15]
12 0 free [1, 8, 24, 28, -4] H [1, 8, 24, 28, 7] excess [0, 0, 0, 0, 11]
12 1 free [1, 8, 24, 28, -4] H [1, 8, 24, 28, 5] excess [0, 0, 0, 0, 9]
13 0 free [1, 9, 32, 52, 24] H [1, 9, 32, 52, 28] excess [0, 0, 0, 0, 4]
13 1 free [1, 9, 32, 52, 24] H [1, 9, 32, 52, 27] excess [0, 0, 0, 0, 3]
14 0 free [1, 10, 41, 84, 76] H [1, 10, 41, 84, 78] excess [0, 0, 0, 0, 2]
14 1 free [1, 10, 41, 84, 76] H [1, 10, 41, 84, 77] excess [0, 0, 0, 0, 1]
