(m,n)=(2,3) weights [[1, 8], [1, 6], [1, 5], [1, 4], [1, 3], [2, 5], [1, 2], [3, 5], [2, 3], [3, 4], [1, 1], [4, 3], [3, 2], [5, 3], [2, 1], [5, 2], [3, 1], [4, 1], [5, 1], [6, 1], [8, 1]]
  h        = [6, 6, 6, 6, 6, 12, 6, 16, 10, 14, 4, 14, 10, 16, 6, 12, 6, 6, 6, 6, 6]
  tropical = [3, 3, 3, 3, 3, 6, 3, 8, 5, 7, 2, 7, 5, 8, 3, 7, 4, 4, 4, 4, 4]
raw h for tasks [[2, 3, 1, 8], [2, 3, 1, 6], [2, 3, 1, 5], [2, 3, 1, 4], [2, 3, 1, 3], [2, 3, 2, 5], [2, 3, 1, 2], [2, 3, 3, 5], [2, 3, 2, 3], [2, 3, 3, 4], [2, 3, 1, 1], [2, 3, 4, 3], [2, 3, 3, 2], [2, 3, 5, 3], [2, 3, 2, 1], [2, 3, 5, 2], [2, 3, 3, 1], [2, 3, 4, 1], [2, 3, 5, 1], [2, 3, 6, 1], [2, 3, 8, 1], [2, 5, 1, 8], [2, 5, 1, 6], [2, 5, 1, 5], [2, 5, 1, 4], [2, 5, 1, 3], [2, 5, 2, 5], [2, 5, 1, 2], [2, 5, 3, 5], [2, 5, 2, 3], [2, 5, 3, 4], [2, 5, 1, 1], [2, 5, 4, 3], [2, 5, 3, 2], [2, 5, 5, 3], [2, 5, 2, 1], [2, 5, 5, 2], [2, 5, 3, 1], [2, 5, 4, 1], [2, 5, 5, 1], [2, 5, 6, 1], [2, 5, 8, 1], [2, 6, 1, 8], [2, 6, 1, 6], [2, 6, 1, 5], [2, 6, 1, 4], [2, 6, 1, 3], [2, 6, 2, 5], [2, 6, 1, 2], [2, 6, 3, 5], [2, 6, 2, 3], [2, 6, 3, 4], [2, 6, 1, 1], [2, 6, 4, 3], [2, 6, 3, 2], [2, 6, 5, 3], [2, 6, 2, 1], [2, 6, 5, 2], [2, 6, 3, 1], [2, 6, 4, 1], [2, 6, 5, 1], [2, 6, 6, 1], [2, 6, 8, 1], [3, 3, 1, 8], [3, 3, 1, 6], [3, 3, 1, 5], [3, 3, 1, 4], [3, 3, 1, 3], [3, 3, 2, 5], [3, 3, 1, 2], [3, 3, 3, 5], [3, 3, 2, 3], [3, 3, 3, 4], [3, 3, 1, 1], [3, 3, 4, 3], [3, 3, 3, 2], [3, 3, 5, 3], [3, 3, 2, 1], [3, 3, 5, 2], [3, 3, 3, 1], [3, 3, 4, 1], [3, 3, 5, 1], [3, 3, 6, 1], [3, 3, 8, 1], [3, 4, 1, 8], [3, 4, 1, 6], [3, 4, 1, 5], [3, 4, 1, 4], [3, 4, 1, 3], [3, 4, 2, 5], [3, 4, 1, 2], [3, 4, 3, 5], [3, 4, 2, 3], [3, 4, 3, 4], [3, 4, 1, 1], [3, 4, 4, 3], [3, 4, 3, 2], [3, 4, 5, 3], [3, 4, 2, 1], [3, 4, 5, 2], [3, 4, 3, 1], [3, 4, 4, 1], [3, 4, 5, 1], [3, 4, 6, 1], [3, 4, 8, 1], [4, 4, 1, 8], [4, 4, 1, 6], [4, 4, 1, 5], [4, 4, 1, 4], [4, 4, 1, 3], [4, 4, 2, 5], [4, 4, 1, 2], [4, 4, 3, 5], [4, 4, 2, 3], [4, 4, 3, 4], [4, 4, 1, 1], [4, 4, 4, 3], [4, 4, 3, 2], [4, 4, 5, 3], [4, 4, 2, 1], [4, 4, 5, 2], [4, 4, 3, 1], [4, 4, 4, 1], [4, 4, 5, 1], [4, 4, 6, 1], [4, 4, 8, 1]]: [6, 6, 6, 6, 6, 12, 6, 16, 10, 14, 4, 14, 10, 16, 6, 12, 6, 6, 6, 6, 6, 20, 20, 20, 20, 18, 34, 16, 46, 30, 42, 12, 42, 30, 46, 16, 34, 18, 20, 20, 20, 20, 30, 30, 30, 28, 26, 50, 24, 66, 42, 60, 18, 60, 42, 66, 24, 50, 26, 28, 30, 30, 30, 18, 18, 18, 18, 17, 32, 15, 43, 28, 41, 12, 41, 28, 43, 15, 32, 17, 18, 18, 18, 18, 36, 36, 36, 34, 32, 62, 30, 84, 54, 77, 22, 77, 54, 84, 30, 62, 32, 34, 36, 36, 36, 72, 70, 68, 66, 64, 122, 57, 160, 103, 149, 44, 149, 103, 160, 57, 122, 64, 66, 68, 70, 72]
(m,n)=(2,3) weights [[1, 8], [1, 6], [1, 5], [1, 4], [1, 3], [2, 5], [1, 2], [3, 5], [2, 3], [3, 4], [1, 1], [4, 3], [3, 2], [5, 3], [2, 1], [5, 2], [3, 1], [4, 1], [5, 1], [6, 1], [8, 1]]
  h        = [6, 6, 6, 6, 6, 12, 6, 16, 10, 14, 4, 14, 10, 16, 6, 12, 6, 6, 6, 6, 6]
  tropical = [3, 3, 3, 3, 3, 6, 3, 8, 5, 7, 2, 7, 5, 8, 3, 7, 4, 4, 4, 4, 4]
  vertex candidates = [[0, 6], [2, 2], [6, 0]]
  candidates reproduce h on every ray: 1
  m=2 fit [[0, 6], [2, 2], [6, 0]] reproduces h: 1
(m,n)=(2,5) weights [[1, 8], [1, 6], [1, 5], [1, 4], [1, 3], [2, 5], [1, 2], [3, 5], [2, 3], [3, 4], [1, 1], [4, 3], [3, 2], [5, 3], [2, 1], [5, 2], [3, 1], [4, 1], [5, 1], [6, 1], [8, 1]]
  h        = [20, 20, 20, 20, 18, 34, 16, 46, 30, 42, 12, 42, 30, 46, 16, 34, 18, 20, 20, 20, 20]
  tropical = [10, 10, 10, 10, 9, 17, 8, 23, 15, 22, 7, 24, 17, 27, 10, 23, 12, 13, 14, 15, 16]
  vertex candidates = [[0, 20], [2, 12], [6, 6], [12, 2], [20, 0]]
  candidates reproduce h on every ray: 1
  m=2 fit [[0, 20], [2, 12], [6, 6], [12, 2], [20, 0]] reproduces h: 1
(m,n)=(2,6) weights [[1, 8], [1, 6], [1, 5], [1, 4], [1, 3], [2, 5], [1, 2], [3, 5], [2, 3], [3, 4], [1, 1], [4, 3], [3, 2], [5, 3], [2, 1], [5, 2], [3, 1], [4, 1], [5, 1], [6, 1], [8, 1]]
  h        = [30, 30, 30, 28, 26, 50, 24, 66, 42, 60, 18, 60, 42, 66, 24, 50, 26, 28, 30, 30, 30]
  tropical = [15, 15, 15, 14, 13, 25, 12, 35, 23, 34, 10, 36, 26, 42, 15, 33, 18, 20, 21, 22, 24]
  vertex candidates = [[0, 30], [2, 20], [6, 12], [12, 6], [20, 2], [30, 0]]
  candidates reproduce h on every ray: 1
  m=2 fit [[0, 30], [2, 20], [6, 12], [12, 6], [20, 2], [30, 0]] reproduces h: 1
(m,n)=(3,3) weights [[1, 8], [1, 6], [1, 5], [1, 4], [1, 3], [2, 5], [1, 2], [3, 5], [2, 3], [3, 4], [1, 1], [4, 3], [3, 2], [5, 3], [2, 1], [5, 2], [3, 1], [4, 1], [5, 1], [6, 1], [8, 1]]
  h        = [18, 18, 18, 18, 17, 32, 15, 43, 28, 41, 12, 41, 28, 43, 15, 32, 17, 18, 18, 18, 18]
  tropical = [12, 12, 12, 11, 10, 19, 9, 26, 17, 24, 7, 24, 17, 26, 9, 19, 10, 11, 12, 12, 12]
  vertex candidates = [[0, 18], [1, 14], [2, 11], [5, 7], [7, 5], [11, 2], [14, 1], [18, 0]]
  candidates reproduce h on every ray: 1
(m,n)=(3,4) weights [[1, 8], [1, 6], [1, 5], [1, 4], [1, 3], [2, 5], [1, 2], [3, 5], [2, 3], [3, 4], [1, 1], [4, 3], [3, 2], [5, 3], [2, 1], [5, 2], [3, 1], [4, 1], [5, 1], [6, 1], [8, 1]]
  h        = [36, 36, 36, 34, 32, 62, 30, 84, 54, 77, 22, 77, 54, 84, 30, 62, 32, 34, 36, 36, 36]
  tropical = [24, 23, 22, 21, 20, 39, 18, 51, 33, 48, 14, 49, 35, 54, 19, 41, 22, 23, 24, 25, 27]
  vertex candidates = [[0, 36], [2, 26], [6, 18], [8, 15], [11, 11], [15, 8], [18, 6], [26, 2], [36, 0]]
  candidates reproduce h on every ray: 1
(m,n)=(4,4) weights [[1, 8], [1, 6], [1, 5], [1, 4], [1, 3], [2, 5], [1, 2], [3, 5], [2, 3], [3, 4], [1, 1], [4, 3], [3, 2], [5, 3], [2, 1], [5, 2], [3, 1], [4, 1], [5, 1], [6, 1], [8, 1]]
  h        = [72, 70, 68, 66, 64, 122, 57, 160, 103, 149, 44, 149, 103, 160, 57, 122, 64, 66, 68, 70, 72]
  tropical = [51, 49, 48, 46, 43, 83, 39, 110, 71, 101, 30, 101, 71, 110, 39, 83, 43, 46, 48, 49, 51]
  vertex candidates = [[1, 64], [2, 58], [6, 46], [8, 41], [11, 35], [17, 27], [27, 17], [35, 11], [41, 8], [46, 6], [58, 2], [64, 1]]
  candidates reproduce h on every ray: 1
