nested cherries over a cherry M=5: g(0..M-1) = [0, 0, 2, 6, 14]
  p=1: window penalty t=0..4: [14, 14, 6, 6, 2]; half-speed bound: [14, 6, 6, 2, 2]; (H) violations: [0, 0, 0, 0, 0]; (W) violations: [0, 40, 0, 40, 0]
  p=2: window penalty t=0..4: [6, 6, 2, 2, 2]; half-speed bound: [6, 6, 2, 2, 2]; (H) violations: [0, 0, 0, 0, 270]; (W) violations: [0, 0, 0, 0, 270]
  p=3: window penalty t=0..4: [2, 2, 0, 0, 0]; half-speed bound: [2, 2, 2, 0, 0]; (H) violations: [0, 0, 1200, 0, 0]; (W) violations: [0, 0, 0, 0, 0]
  p=4: window penalty t=0..4: [0, 0, 0, 0, 0]; half-speed bound: [0, 0, 0, 0, 0]; (H) violations: [0, 0, 0, 0, 0]; (W) violations: [0, 0, 0, 0, 0]
   ["H", [-5, -4, -3, 0, 1, 2, 3, 4, 5, 6], 2, 0]
   ["H", [-5, -4, -3, 0, 1, 2, 3, 4, 5, 7], 2, 0]
   ["H", [-5, -4, -3, 0, 1, 2, 3, 4, 5, 8], 2, 0]
   ["H", [-5, -4, -3, 0, 1, 2, 3, 4, 5, 9], 2, 0]
   ["H", [-5, -4, -3, 0, 1, 2, 3, 4, 6, 7], 2, 0]
   ["H", [-5, -4, -3, 0, 1, 2, 3, 4, 6, 8], 2, 0]
   ["W", [-5, -4, 0, 1, 2, 3, 4, 5, 6, 7], 4, 0, 2]
   ["W", [-5, -4, 0, 1, 2, 3, 4, 5, 6, 8], 4, 0, 2]
   ["W", [-5, -4, 0, 1, 2, 3, 4, 5, 6, 9], 4, 0, 2]
   ["W", [-5, -4, 0, 1, 2, 3, 4, 5, 7, 8], 4, 0, 2]
   ["W", [-5, -4, 0, 1, 2, 3, 4, 5, 7, 9], 4, 0, 2]
   ["W", [-5, -4, 0, 1, 2, 3, 4, 5, 8, 9], 4, 0, 2]
