p 3 delta(3,12,3)= 22  2*3+delta(3,9,0)= 23
p 5 delta(3,12,3)= 22  2*3+delta(3,9,0)= 23
n=2 values 169 mismatches with 2k-ceil((k-l-1)/2): 0
p=3 n=1: 0 1 2 3 4 5 6 7 8 9 10 11 12
p=3 n=2: 0 1 1 2 2 3 3 4 4 5 5 6 6
p=3 n=3: 0 1 1 1 2 2 2 2 [2, 3] 3 3 3 3
p=3 n=4: 0 1 1 1 1 2 2 2 2 2 2 2 2
p=3 n=5: 0 1 1 1 1 1 2 2 2 2 2 2 2
p=5 n=1: 0 1 2 3 4 5 6 7 8 9 10 11
p=5 n=2: 0 1 1 2 2 3 3 4 4 5 5 6
p=5 n=3: 0 1 1 1 2 2 2 2 [2, 3] 3 3 3
p=5 n=4: 0 1 1 1 2 1 [1, 2] [1, 2] [1, 2] 2 2 2
p=5 n=5: 0 1 1 1 2 1 1 [1, 2] [1, 2] 2 1 2
