M = 2, j = 3, v = [0, 2]: least 11, 2 minimizers [N1, C2, Gamma, E1, E2, E3]:
    [[0, 1], [-1, 2], [], [0, 0], [0, 2], [0, 0]]
    [[0, 2], [-1, 1], [], [0, 1], [0, 1], [0, 0]]
M = 2, j = 2, v = [0, 2]: least 13, 6 minimizers [N1, C2, Gamma, E1, E2, E3]:
    [[0, 1], [-1, 2], [3], [0, 0], [0, 2], [0, 4]]
    [[0, 1], [-1, 3], [2], [0, 0], [0, 3], [0, 3]]
    [[0, 2], [-1, 1], [3], [0, 1], [0, 1], [0, 4]]
    [[0, 2], [-1, 3], [1], [0, 1], [0, 3], [0, 2]]
    [[0, 3], [-1, 1], [2], [0, 2], [0, 1], [0, 3]]
    [[0, 3], [-1, 2], [1], [0, 2], [0, 2], [0, 2]]
M = 3, j = 4, v = [0, 1, 2]: least 32, 4 minimizers [N1, C2, Gamma, E1, E2, E3]:
    [[0, 1, 3], [-1, 2, 4], [], [0, 0, 1], [0, 2, 3], [0, 0, 0]]
    [[0, 1, 4], [-1, 2, 3], [], [0, 0, 2], [0, 2, 2], [0, 0, 0]]
    [[0, 2, 3], [-1, 1, 4], [], [0, 1, 1], [0, 1, 3], [0, 0, 0]]
    [[0, 2, 4], [-1, 1, 3], [], [0, 1, 2], [0, 1, 2], [0, 0, 0]]
M = 3, j = 3, v = [0, 1, 2]: least 33, 12 minimizers [N1, C2, Gamma, E1, E2, E3]:
    [[0, 1, 3], [-1, 2, 4], [5], [0, 0, 1], [0, 2, 3], [0, 0, 5]]
    [[0, 1, 3], [-1, 2, 5], [4], [0, 0, 1], [0, 2, 4], [0, 0, 4]]
    [[0, 1, 4], [-1, 2, 3], [5], [0, 0, 2], [0, 2, 2], [0, 0, 5]]
    [[0, 1, 4], [-1, 2, 5], [3], [0, 0, 2], [0, 2, 4], [0, 0, 3]]
    [[0, 1, 5], [-1, 2, 3], [4], [0, 0, 3], [0, 2, 2], [0, 0, 4]]
    [[0, 1, 5], [-1, 2, 4], [3], [0, 0, 3], [0, 2, 3], [0, 0, 3]]
    [[0, 2, 3], [-1, 1, 4], [5], [0, 1, 1], [0, 1, 3], [0, 0, 5]]
    [[0, 2, 3], [-1, 1, 5], [4], [0, 1, 1], [0, 1, 4], [0, 0, 4]]
    [[0, 2, 4], [-1, 1, 3], [5], [0, 1, 2], [0, 1, 2], [0, 0, 5]]
    [[0, 2, 4], [-1, 1, 5], [3], [0, 1, 2], [0, 1, 4], [0, 0, 3]]
    [[0, 2, 5], [-1, 1, 3], [4], [0, 1, 3], [0, 1, 2], [0, 0, 4]]
    [[0, 2, 5], [-1, 1, 4], [3], [0, 1, 3], [0, 1, 3], [0, 0, 3]]
M = 3, j = 2, v = [0, 1, 2]: least 42, 36 minimizers [N1, C2, Gamma, E1, E2, E3]:
    [[0, 1, 4], [-1, 2, 5], [3, 6], [0, 0, 2], [0, 2, 4], [0, 4, 6]]
    [[0, 1, 4], [-1, 2, 6], [3, 5], [0, 0, 2], [0, 2, 5], [0, 4, 5]]
    [[0, 1, 4], [-1, 3, 5], [2, 6], [0, 0, 2], [0, 3, 4], [0, 3, 6]]
    [[0, 1, 4], [-1, 3, 6], [2, 5], [0, 0, 2], [0, 3, 5], [0, 3, 5]]
    [[0, 1, 5], [-1, 2, 4], [3, 6], [0, 0, 3], [0, 2, 3], [0, 4, 6]]
    [[0, 1, 5], [-1, 2, 6], [3, 4], [0, 0, 3], [0, 2, 5], [0, 4, 4]]
    [[0, 1, 5], [-1, 3, 4], [2, 6], [0, 0, 3], [0, 3, 3], [0, 3, 6]]
    [[0, 1, 5], [-1, 3, 6], [2, 4], [0, 0, 3], [0, 3, 5], [0, 3, 4]]
    [[0, 1, 6], [-1, 2, 4], [3, 5], [0, 0, 4], [0, 2, 3], [0, 4, 5]]
    [[0, 1, 6], [-1, 2, 5], [3, 4], [0, 0, 4], [0, 2, 4], [0, 4, 4]]
    [[0, 1, 6], [-1, 3, 4], [2, 5], [0, 0, 4], [0, 3, 3], [0, 3, 5]]
    [[0, 1, 6], [-1, 3, 5], [2, 4], [0, 0, 4], [0, 3, 4], [0, 3, 4]]
    [[0, 2, 4], [-1, 1, 5], [3, 6], [0, 1, 2], [0, 1, 4], [0, 4, 6]]
    [[0, 2, 4], [-1, 1, 6], [3, 5], [0, 1, 2], [0, 1, 5], [0, 4, 5]]
    [[0, 2, 4], [-1, 3, 5], [1, 6], [0, 1, 2], [0, 3, 4], [0, 2, 6]]
    [[0, 2, 4], [-1, 3, 6], [1, 5], [0, 1, 2], [0, 3, 5], [0, 2, 5]]
    [[0, 2, 5], [-1, 1, 4], [3, 6], [0, 1, 3], [0, 1, 3], [0, 4, 6]]
    [[0, 2, 5], [-1, 1, 6], [3, 4], [0, 1, 3], [0, 1, 5], [0, 4, 4]]
    [[0, 2, 5], [-1, 3, 4], [1, 6], [0, 1, 3], [0, 3, 3], [0, 2, 6]]
    [[0, 2, 5], [-1, 3, 6], [1, 4], [0, 1, 3], [0, 3, 5], [0, 2, 4]]
    [[0, 2, 6], [-1, 1, 4], [3, 5], [0, 1, 4], [0, 1, 3], [0, 4, 5]]
    [[0, 2, 6], [-1, 1, 5], [3, 4], [0, 1, 4], [0, 1, 4], [0, 4, 4]]
    [[0, 2, 6], [-1, 3, 4], [1, 5], [0, 1, 4], [0, 3, 3], [0, 2, 5]]
    [[0, 2, 6], [-1, 3, 5], [1, 4], [0, 1, 4], [0, 3, 4], [0, 2, 4]]
    [[0, 3, 4], [-1, 1, 5], [2, 6], [0, 2, 2], [0, 1, 4], [0, 3, 6]]
    [[0, 3, 4], [-1, 1, 6], [2, 5], [0, 2, 2], [0, 1, 5], [0, 3, 5]]
    [[0, 3, 4], [-1, 2, 5], [1, 6], [0, 2, 2], [0, 2, 4], [0, 2, 6]]
    [[0, 3, 4], [-1, 2, 6], [1, 5], [0, 2, 2], [0, 2, 5], [0, 2, 5]]
    [[0, 3, 5], [-1, 1, 4], [2, 6], [0, 2, 3], [0, 1, 3], [0, 3, 6]]
    [[0, 3, 5], [-1, 1, 6], [2, 4], [0, 2, 3], [0, 1, 5], [0, 3, 4]]
    [[0, 3, 5], [-1, 2, 4], [1, 6], [0, 2, 3], [0, 2, 3], [0, 2, 6]]
    [[0, 3, 5], [-1, 2, 6], [1, 4], [0, 2, 3], [0, 2, 5], [0, 2, 4]]
    [[0, 3, 6], [-1, 1, 4], [2, 5], [0, 2, 4], [0, 1, 3], [0, 3, 5]]
    [[0, 3, 6], [-1, 1, 5], [2, 4], [0, 2, 4], [0, 1, 4], [0, 3, 4]]
    [[0, 3, 6], [-1, 2, 4], [1, 5], [0, 2, 4], [0, 2, 3], [0, 2, 5]]
    [[0, 3, 6], [-1, 2, 5], [1, 4], [0, 2, 4], [0, 2, 4], [0, 2, 4]]
