8|common-profile-sign|200 200 200 200 100 100 100 100|020 020 020 020 010 010 010 010
8|common-profile-dense-rows|000 121 121 000 000 000 121 121|000 012 012 000 000 000 012 012
8|common-profile-affine|000 110 110 000 000 000 110 110|011 000 000 011 011 011 000 000
8|common-row-general|000 112 112 000 000 000 112 112|112 221 000 112 000 000 221 112
8|common-row-sign|201 201 201 201 102 102 102 102|201 201 102 102 201 102 102 102
8|control-rank-one-independent|000 100 100 000 000 000 100 100|010 020 000 010 000 000 020 010
8|control-opposite-overlap|100 200 000 000 000 000 000 000|000 010 020 000 000 000 000 000
8|control-dense|201 021 010 020 221 001 210 010|200 000 002 200 210 120 210 012
10|common-profile-sign|200 200 200 200 100 100 100 100 100 100|020 020 020 020 010 010 010 010 010 010
10|common-profile-dense-rows|212 000 000 212 000 000 121 212 121 121|021 000 000 021 000 000 012 021 012 012
10|common-profile-affine|220 000 000 220 000 000 110 220 110 110|022 011 011 022 011 011 000 022 000 000
10|common-row-general|221 000 000 221 000 000 112 221 112 112|221 000 221 000 112 221 221 000 000 000
10|common-row-sign|201 201 201 201 102 102 102 102 102 102|201 201 201 201 201 102 201 102 102 201
10|control-rank-one-independent|200 000 000 200 000 000 100 200 100 100|020 000 020 000 010 020 020 000 000 000
10|control-opposite-overlap|100 200 000 000 000 000 000 000 000 000|000 010 020 000 000 000 000 000 000 000
10|control-dense|211 111 222 201 200 121 100 122 201 101|221 221 212 111 010 210 110 211 012 220
