[0;31m  ***   Warning: new maximum stack size = 1000001536 (953.676 Mbytes).[0m
[0;31m  ***   Warning: increasing stack size to 16000000.[0m
[0;31m  ***   Warning: increasing stack size to 16000000.[0m
[0;31m  ***   Warning: increasing stack size to 16000000.[0m
[0;31m  ***   Warning: increasing stack size to 16000000.[0m
[0;31m  ***   Warning: increasing stack size to 16000000.[0m
[0;31m  ***   Warning: increasing stack size to 16000000.[0m
[0;31m  ***   Warning: increasing stack size to 16000000.[0m
[0;31m  ***   Warning: increasing stack size to 16000000.[0m
[0;31m  ***   Warning: increasing stack size to 16000000.[0m
[0;31m  ***   Warning: increasing stack size to 16000000.[0m
[0;31m  ***   Warning: increasing stack size to 16000000.[0m
[0;31m  *** _ZX_gcd_worker: Warning: increasing stack size to 16000000.[0m
[0;31m  ***   Warning: increasing stack size to 16000000.[0m
[0;31m  ***   Warning: increasing stack size to 16000000.[0m
[0;31m  ***   Warning: increasing stack size to 16000000.[0m
[0;31m  ***   Warning: increasing stack size to 32000000.[0m
[0;31m  *** Vec: Warning: increasing stack size to 16000000.[0m
[0;31m  ***   Warning: increasing stack size to 32000000.[0m
[0;31m  ***   Warning: increasing stack size to 32000000.[0m
raw tasks [[2, 3, 2, 1, 1, 4, 1, 1], [2, 3, 2, 1, 1, 4, 1, 2], [2, 3, 2, 1, 1, 4, 1, 3], [2, 3, 2, 1, 1, 4, 2, 1], [2, 3, 2, 1, 1, 4, 1, -1], [2, 3, 2, 1, 1, 4, 3, -5], [2, 3, 1, 2, 2, 3, 1, 1], [2, 3, 1, 2, 2, 3, 1, 2], [2, 3, 1, 2, 2, 3, 1, 3], [2, 3, 1, 2, 2, 3, 2, 1], [2, 3, 1, 2, 2, 3, 1, -1], [2, 3, 1, 2, 2, 3, 3, -5], [2, 4, 3, 1, 1, 6, 1, 1], [2, 4, 3, 1, 1, 6, 1, 2], [2, 4, 3, 1, 1, 6, 1, 3], [2, 4, 3, 1, 1, 6, 2, 1], [2, 4, 3, 1, 1, 6, 1, -1], [2, 4, 3, 1, 1, 6, 3, -5], [2, 4, 1, 1, 2, 5, 1, 1], [2, 4, 1, 1, 2, 5, 1, 2], [2, 4, 1, 1, 2, 5, 1, 3], [2, 4, 1, 1, 2, 5, 2, 1], [2, 4, 1, 1, 2, 5, 1, -1], [2, 4, 1, 1, 2, 5, 3, -5], [2, 4, 1, 3, 3, 4, 1, 1], [2, 4, 1, 3, 3, 4, 1, 2], [2, 4, 1, 3, 3, 4, 1, 3], [2, 4, 1, 3, 3, 4, 2, 1], [2, 4, 1, 3, 3, 4, 1, -1], [2, 4, 1, 3, 3, 4, 3, -5], [3, 3, 7, 2, 2, 6, 1, 1], [3, 3, 7, 2, 2, 6, 1, 2], [3, 3, 7, 2, 2, 6, 1, 3], [3, 3, 7, 2, 2, 6, 2, 1], [3, 3, 7, 2, 2, 6, 1, -1], [3, 3, 7, 2, 2, 6, 3, -5], [3, 3, 5, 4, 3, 5, 1, 1], [3, 3, 5, 4, 3, 5, 1, 2], [3, 3, 5, 4, 3, 5, 1, 3], [3, 3, 5, 4, 3, 5, 2, 1], [3, 3, 5, 4, 3, 5, 1, -1], [3, 3, 5, 4, 3, 5, 3, -5], [3, 3, 4, 5, 4, 4, 1, 1], [3, 3, 4, 5, 4, 4, 1, 2], [3, 3, 4, 5, 4, 4, 1, 3], [3, 3, 4, 5, 4, 4, 2, 1], [3, 3, 4, 5, 4, 4, 1, -1], [3, 3, 4, 5, 4, 4, 3, -5], [3, 3, 2, 7, 5, 3, 1, 1], [3, 3, 2, 7, 5, 3, 1, 2], [3, 3, 2, 7, 5, 3, 1, 3], [3, 3, 2, 7, 5, 3, 2, 1], [3, 3, 2, 7, 5, 3, 1, -1], [3, 3, 2, 7, 5, 3, 3, -5], [3, 4, 5, 1, 2, 9, 1, 1], [3, 4, 5, 1, 2, 9, 1, 2], [3, 4, 5, 1, 2, 9, 1, 3], [3, 4, 5, 1, 2, 9, 2, 1], [3, 4, 5, 1, 2, 9, 1, -1], [3, 4, 5, 1, 2, 9, 3, -5], [3, 4, 2, 1, 3, 8, 1, 1], [3, 4, 2, 1, 3, 8, 1, 2], [3, 4, 2, 1, 3, 8, 1, 3], [3, 4, 2, 1, 3, 8, 2, 1], [3, 4, 2, 1, 3, 8, 1, -1], [3, 4, 2, 1, 3, 8, 3, -5], [3, 4, 7, 5, 4, 7, 1, 1], [3, 4, 7, 5, 4, 7, 1, 2], [3, 4, 7, 5, 4, 7, 1, 3], [3, 4, 7, 5, 4, 7, 2, 1], [3, 4, 7, 5, 4, 7, 1, -1], [3, 4, 7, 5, 4, 7, 3, -5], [3, 4, 5, 7, 5, 6, 1, 1], [3, 4, 5, 7, 5, 6, 1, 2], [3, 4, 5, 7, 5, 6, 1, 3], [3, 4, 5, 7, 5, 6, 2, 1], [3, 4, 5, 7, 5, 6, 1, -1], [3, 4, 5, 7, 5, 6, 3, -5], [3, 4, 1, 2, 6, 5, 1, 1], [3, 4, 1, 2, 6, 5, 1, 2], [3, 4, 1, 2, 6, 5, 1, 3], [3, 4, 1, 2, 6, 5, 2, 1], [3, 4, 1, 2, 6, 5, 1, -1], [3, 4, 1, 2, 6, 5, 3, -5], [3, 4, 1, 5, 7, 4, 1, 1], [3, 4, 1, 5, 7, 4, 1, 2], [3, 4, 1, 5, 7, 4, 1, 3], [3, 4, 1, 5, 7, 4, 2, 1], [3, 4, 1, 5, 7, 4, 1, -1], [3, 4, 1, 5, 7, 4, 3, -5]]: [[6, 1, 1, 49/1300], [6, 1, 1, 196/325], [6, 1, 1, 3969/1300], [6, 1, 1, 49/5200], [6, 1, 1, 49/1300], [6, 1, 1, 1225/468], [6, 1, 1, -624/25], [6, 1, 1, -2496/25], [6, 1, 1, -5616/25], [6, 1, 1, -39/25], [6, 1, 1, -624/25], [6, 1, 1, -208/27], [12, 1, 1, 82369/1098600], [12, 1, 1, 658952/137325], [12, 1, 1, 20015667/366200], [12, 1, 1, 82369/4394400], [12, 1, 1, 82369/1098600], [12, 1, 1, 51480625/395496], [8, 1, 1, -628033/37575], [8, 1, 1, -10048528/37575], [8, 1, 1, -5652297/4175], [8, 1, 1, -628033/601200], [8, 1, 1, -628033/37575], [8, 1, 1, -15700825/121743], [12, 1, 1, 85504/75], [12, 1, 1, 342016/75], [12, 1, 1, 256512/25], [12, 1, 1, 1336/75], [12, 1, 1, 85504/75], [12, 1, 1, 85504/2187], [36, 1, 1, 117649/249350400], [36, 1, 1, 117649/1948050], [36, 1, 1, 3176523/3078400], [36, 1, 1, 117649/997401600], [36, 1, 1, -117649/249350400], [36, 1, 1, -367653125/89766144], [54, 1, 1, -187090722/108644875], [54, 1, 1, -5986903104/108644875], [54, 1, 1, -45463045446/108644875], [54, 1, 1, -93545361/869159000], [54, 1, 1, 187090722/108644875], [54, 1, 1, 57744050/869159], [54, 1, 1, 14607955313/595237500], [54, 1, 1, 58431821252/148809375], [54, 1, 1, 131471597817/66137500], [54, 1, 1, 14607955313/19047600000], [54, 1, 1, 14607955313/595237500], [54, 1, 1, 14607955313/231428340], [36, 1, 1, 14518504/2025], [36, 1, 1, 58074016/2025], [36, 1, 1, 14518504/225], [36, 1, 1, 1814813/32400], [36, 1, 1, 14518504/2025], [36, 1, 1, 14518504/177147], [36, 1, 1, -4321823426557/1785300288624000], [36, 1, 1, -34574587412456/13947658504875], [36, 1, 1, -1050203092653351/7346914768000], [36, 1, 1, -4321823426557/7141201154496000], [36, 1, 1, -4321823426557/1785300288624000], [36, 1, 1, -337642455199765625/128541620780928], [30, 1, 1, -636316360966802975459/58890431885677200000], [30, 1, 1, -1272632721933605950918/460081499106853125], [30, 1, 1, -463874627144799369109611/6543381320630800000], [30, 1, 1, -636316360966802975459/942246910170835200000], [30, 1, 1, -636316360966802975459/58890431885677200000], [30, 1, 1, -79539545120850371932375/1526439994476753024], [132, 1, 1, 274936524639604639/19983018136442400], [132, 1, 1, 1099746098558418556/624469316763825], [132, 1, 1, 2474428721756441751/82234642536800], [132, 1, 1, 274936524639604639/639456580366156800], [132, 1, 1, -274936524639604639/19983018136442400], [132, 1, 1, -859176639498764496875/194234936286220128], [132, 1, 1, 2619644506041398528/4763499206897925], [132, 1, 1, 83828624193324752896/4763499206897925], [132, 1, 1, 7858933518124195584/58808632183925], [132, 1, 1, 20465972703448426/4763499206897925], [132, 1, 1, -2619644506041398528/4763499206897925], [132, 1, 1, -327455563255174816000/416710910619430479], [30, 1, 1, 25184347434815996063/476076838483125], [30, 1, 1, 402949558957055937008/476076838483125], [30, 1, 1, 25184347434815996063/5877491833125], [30, 1, 1, 25184347434815996063/121875670651680000], [30, 1, 1, 25184347434815996063/476076838483125], [30, 1, 1, 25184347434815996063/4997664219660453], [36, 1, 1, 1042607682592/142155], [36, 1, 1, 4170430730368/142155], [36, 1, 1, 1042607682592/15795], [36, 1, 1, 32581490081/4548960], [36, 1, 1, 1042607682592/142155], [36, 1, 1, 5213038412960/1678822119]]
[0;31m[0;31m  ***   at top-level: ...[0;35m(edge,Vec(tasks)),idx=0);[0;35memit(Str("raw tasks "
[0;31m[0;31m  ***                                             ^---------------------
[0;31m  ***   in function emit: ...[0;35mnt(s);if(OUT!=0&&OUT!="",[0;35mwrite(OUT,s))
[0;31m[0;31m  ***                                                 ^-------------
  *** write: error opening output file: `research/results/bmd-20261001-k/neck-corner-edges.txt'.[0m
... skipping file 'research/tools/bmd_cube_neck_corner_edges.gp'
