195
1 7 0 1 0 0
1 7 1 1 1 1
1 7 2 1 2 1
1 7 3 1 1 1
1 7 8 1 1 2
1 7 9 2 0 0
1 7 26 1 0 0
1 7 27 2 2 1
1 7 80 1 2 1
1 7 81 0 2 1
1 7 100 1 0 2
1 7 242 1 1 2
1 83 0 1 0 0
1 83 1 2 1 2
1 83 2 0 0 0
1 83 3 2 2 2
1 83 8 0 0 0
1 83 9 0 0 2
1 83 26 0 0 0
1 83 27 2 1 2
1 83 80 0 0 0
1 83 81 2 2 2
1 83 100 0 0 0
1 83 242 0 0 0
1 511 0 1 0 0
1 511 1 1 2 2
1 511 2 1 0 1
1 511 3 0 0 2
1 511 8 2 2 0
1 511 9 2 1 0
1 511 26 2 2 2
1 511 27 0 2 1
1 511 80 1 0 0
1 511 81 1 1 0
1 511 100 2 0 1
1 511 242 2 2 2
1 0 68630377364882 1 2 2
1 0 129140168 2 1 0
1 0 6563 1 0 1
2 7 0 1 0 0
2 7 1 4 4 4
2 7 2 4 2 1
2 7 3 1 1 1
2 7 8 7 4 5
2 7 9 8 6 3
2 7 26 1 3 0
2 7 27 2 2 7
2 7 80 7 8 4
2 7 81 3 2 7
2 7 100 7 0 8
2 7 242 1 7 2
2 83 0 1 0 0
2 83 1 8 7 8
2 83 2 0 3 6
2 83 3 2 5 5
2 83 8 3 6 0
2 83 9 6 6 2
2 83 26 0 0 0
2 83 27 8 7 8
2 83 80 0 0 0
2 83 81 8 5 8
2 83 100 0 0 0
2 83 242 0 0 0
2 511 0 1 0 0
2 511 1 1 8 5
2 511 2 7 0 1
2 511 3 0 0 2
2 511 8 8 5 6
2 511 9 8 1 6
2 511 26 2 8 2
2 511 27 6 2 1
2 511 80 4 3 0
2 511 81 1 7 0
2 511 100 8 0 4
2 511 242 8 8 2
2 0 68630377364882 7 8 5
2 0 129140168 2 7 6
2 0 6563 4 0 4
3 7 0 1 0 0
3 7 1 13 13 13
3 7 2 4 11 1
3 7 3 19 10 19
3 7 8 25 22 5
3 7 9 8 6 12
3 7 26 19 3 18
3 7 27 2 2 7
3 7 80 16 17 4
3 7 81 21 11 7
3 7 100 25 9 8
3 7 242 19 7 20
3 83 0 1 0 0
3 83 1 26 25 26
3 83 2 18 21 6
3 83 3 20 5 14
3 83 8 12 15 9
3 83 9 24 15 2
3 83 26 18 9 18
3 83 27 8 25 17
3 83 80 18 0 9
3 83 81 26 5 17
3 83 100 0 9 18
3 83 242 0 0 0
3 511 0 1 0 0
3 511 1 10 8 23
3 511 2 7 18 19
3 511 3 0 18 2
3 511 8 26 14 15
3 511 9 8 19 24
3 511 26 11 26 11
3 511 27 15 2 1
3 511 80 13 3 18
3 511 81 10 25 9
3 511 100 17 18 13
3 511 242 17 26 20
3 0 68630377364882 7 26 23
3 0 129140168 20 16 24
3 0 6563 22 0 4
4 7 0 1 0 0
4 7 1 40 40 40
4 7 2 31 11 1
4 7 3 19 64 19
4 7 8 25 49 59
4 7 9 62 60 66
4 7 26 19 30 45
4 7 27 2 2 34
4 7 80 43 71 58
4 7 81 48 11 7
4 7 100 52 63 62
4 7 242 73 7 20
4 83 0 1 0 0
4 83 1 80 79 80
4 83 2 45 48 6
4 83 3 20 5 14
4 83 8 66 42 9
4 83 9 24 69 2
4 83 26 72 9 45
4 83 27 35 52 44
4 83 80 45 0 36
4 83 81 26 59 44
4 83 100 27 9 18
4 83 242 27 54 27
4 511 0 1 0 0
4 511 1 37 35 77
4 511 2 7 45 19
4 511 3 0 72 56
4 511 8 26 68 15
4 511 9 35 19 51
4 511 26 65 26 65
4 511 27 15 29 55
4 511 80 13 3 72
4 511 81 37 52 36
4 511 100 17 45 67
4 511 242 71 53 47
4 0 68630377364882 34 26 50
4 0 129140168 74 43 51
4 0 6563 22 0 4
5 7 0 1 0 0
5 7 1 121 121 121
5 7 2 31 92 1
5 7 3 181 226 181
5 7 8 25 49 59
5 7 9 62 60 147
5 7 26 181 30 207
5 7 27 2 83 196
5 7 80 124 233 220
5 7 81 48 92 169
5 7 100 133 225 62
5 7 242 235 7 20
5 83 0 1 0 0
5 83 1 242 241 242
5 83 2 126 129 6
5 83 3 101 86 95
5 83 8 147 42 9
5 83 9 186 150 2
5 83 26 234 9 45
5 83 27 116 133 44
5 83 80 207 162 198
5 83 81 188 140 44
5 83 100 27 171 99
5 83 242 27 135 27
5 511 0 1 0 0
5 511 1 118 116 239
5 511 2 7 126 19
5 511 3 81 72 218
5 511 8 188 230 96
5 511 9 197 100 51
5 511 26 146 188 65
5 511 27 177 29 55
5 511 80 13 165 72
5 511 81 37 52 36
5 511 100 98 207 229
5 511 242 71 215 209
5 0 68630377364882 196 26 50
5 0 129140168 74 124 51
5 0 6563 103 0 166
