4 3 0 old defect 6 circuits [[0, 2], [1, 2]] comps 1 mismatch []
4 3 1 old defect 4 circuits [[0, 1]] comps 2 mismatch []
4 3 3 old defect 6 circuits [[0, 2], [1, 2]] comps 1 mismatch []
4 3 4 old defect 6 circuits [[1, 2]] comps 2 mismatch []
4 4 0 old defect 6 circuits [[0, 1], [0, 2], [1, 3], [2, 3]] comps 1 mismatch []
4 4 1 old defect 6 circuits [[0, 3], [1, 2]] comps 2 mismatch [6]
4 4 4 old defect 5 circuits [[0, 1], [0, 2], [0, 3], [1, 2], [1, 3], [2, 3]] comps 1 mismatch []
4 5 0 old defect 5 circuits [[0, 3], [0, 4], [1, 3], [2, 3], [3, 4], [0, 1, 2], [1, 2, 4]] comps 1 mismatch []
4 5 2 old defect 6 circuits [[0, 1], [0, 3], [0, 4], [1, 4], [2, 3], [3, 4]] comps 1 mismatch []
4 5 4 old defect 6 circuits [[0, 3], [0, 4], [1, 2], [1, 3], [3, 4]] comps 1 mismatch []
4 6 0 old defect 4 circuits [[0, 1], [0, 2], [0, 5], [1, 3], [1, 4], [1, 5], [3, 5], [4, 5], [0, 3, 4], [2, 3, 4]] comps 1 mismatch []
4 8 1 old defect 5 circuits [[0, 1], [0, 6], [0, 7], [1, 4], [1, 5], [1, 6], [2, 3], [3, 5], [4, 5], [4, 6], [4, 7], [5, 6], [0, 2, 4], [0, 2, 5], [0, 3, 4], [1, 2, 7], [1, 3, 7], [2, 5, 7], [2, 6, 7], [3, 6, 7]] comps 1 mismatch []
4 8 2 old defect 4 circuits [[0, 4], [0, 6], [1, 2], [1, 6], [2, 3], [2, 5], [3, 5], [4, 6], [4, 7], [6, 7], [0, 1, 3], [0, 1, 5], [0, 1, 7], [0, 2, 7], [0, 3, 7], [0, 5, 7], [1, 3, 4], [1, 3, 7], [1, 4, 5], [1, 5, 7]] comps 1 mismatch []
4 8 4 old defect 5 circuits [[0, 2], [0, 3], [1, 2], [1, 6], [2, 6], [3, 4], [4, 7], [5, 7], [6, 7], [0, 1, 4], [0, 1, 5], [0, 1, 7], [0, 4, 5], [0, 4, 6], [0, 5, 6], [1, 3, 5], [1, 3, 7], [1, 4, 5], [2, 3, 5], [2, 3, 7], [2, 4, 5], [3, 5, 6], [4, 5, 6]] comps 1 mismatch []
4 8 5 old defect 5 circuits [[0, 1], [0, 2], [0, 3], [0, 5], [0, 7], [1, 7], [2, 3], [2, 4], [3, 5], [3, 6], [3, 7], [5, 7], [6, 7], [0, 4, 6], [1, 2, 5], [1, 2, 6], [1, 3, 4], [1, 4, 5], [1, 4, 6], [1, 5, 6], [2, 5, 6], [4, 5, 6]] comps 1 mismatch []
5 3 5 old defect 6 circuits [[0, 2], [1, 2]] comps 1 mismatch []
5 4 0 old defect 6 circuits [[1, 3], [0, 1, 2], [0, 2, 3]] comps 1 mismatch []
5 4 2 old defect 7 circuits [[0, 1, 2], [0, 1, 3], [0, 2, 3], [1, 2, 3]] comps 1 mismatch []
5 4 3 old defect 6 circuits [[0, 3], [1, 3], [0, 1, 2]] comps 1 mismatch []
5 4 4 old defect 6 circuits [[0, 1], [2, 3]] comps 2 mismatch [7]
5 5 0 old defect 6 circuits [[0, 1], [1, 4], [0, 2, 3], [0, 2, 4], [0, 3, 4], [1, 2, 3], [2, 3, 4]] comps 1 mismatch []
5 5 1 old defect 6 circuits [[0, 2], [0, 1, 3], [0, 1, 4], [0, 3, 4], [1, 2, 3], [1, 2, 4], [1, 3, 4], [2, 3, 4]] comps 1 mismatch []
5 5 2 old defect 6 circuits [[0, 2], [1, 3], [0, 1, 4], [0, 3, 4], [1, 2, 4], [2, 3, 4]] comps 1 mismatch []
5 5 4 old defect 6 circuits [[0, 1], [0, 2, 3], [0, 2, 4], [0, 3, 4], [1, 2, 3], [1, 2, 4], [1, 3, 4], [2, 3, 4]] comps 1 mismatch []
5 5 5 old defect 6 circuits [[0, 3], [1, 2], [0, 1, 4], [0, 2, 4], [1, 3, 4], [2, 3, 4]] comps 1 mismatch []
5 6 0 old defect 6 circuits [[0, 1], [0, 2], [1, 3], [0, 3, 4], [0, 3, 5], [0, 4, 5], [1, 2, 4], [1, 2, 5], [1, 4, 5], [2, 3, 4], [2, 3, 5], [2, 4, 5], [3, 4, 5]] comps 1 mismatch []
5 6 1 old defect 6 circuits [[0, 1], [1, 2], [1, 4], [0, 2, 3], [0, 2, 4], [0, 2, 5], [0, 3, 4], [0, 3, 5], [0, 4, 5], [1, 3, 5], [2, 3, 4], [2, 3, 5], [2, 4, 5], [3, 4, 5]] comps 1 mismatch []
5 6 3 old defect 6 circuits [[0, 2], [3, 5], [0, 1, 3], [0, 1, 4], [0, 1, 5], [0, 3, 4], [0, 4, 5], [1, 2, 3], [1, 2, 4], [1, 2, 5], [1, 3, 4], [1, 4, 5], [2, 3, 4], [2, 4, 5]] comps 1 mismatch []
5 6 4 old defect 6 circuits [[1, 2], [3, 4], [0, 1, 3], [0, 1, 4], [0, 1, 5], [0, 2, 3], [0, 2, 4], [0, 2, 5], [0, 3, 5], [0, 4, 5], [1, 3, 5], [1, 4, 5], [2, 3, 5], [2, 4, 5]] comps 1 mismatch []
5 6 5 old defect 6 circuits [[4, 5], [0, 1, 2], [0, 1, 3], [0, 1, 4], [0, 1, 5], [0, 2, 3], [0, 2, 4], [0, 2, 5], [0, 3, 4], [0, 3, 5], [1, 2, 3], [1, 2, 4], [1, 2, 5], [1, 3, 4], [1, 3, 5], [2, 3, 4], [2, 3, 5]] comps 1 mismatch []
5 8 0 old defect 6 circuits [[1, 3], [1, 4], [3, 7], [4, 6], [0, 1, 2], [0, 1, 5], [0, 1, 6], [0, 1, 7], [0, 2, 3], [0, 2, 4], [0, 2, 5], [0, 2, 6], [0, 2, 7], [0, 3, 4], [0, 3, 5], [0, 3, 6], [0, 4, 5], [0, 4, 7], [0, 5, 6], [0, 5, 7], [0, 6, 7], [1, 2, 5], [1, 2, 6], [1, 2, 7], [1, 5, 6], [1, 5, 7], [1, 6, 7], [2, 3, 4], [2, 3, 5], [2, 3, 6], [2, 4, 5], [2, 4, 7], [2, 5, 6], [2, 5, 7], [2, 6, 7], [3, 4, 5], [3, 5, 6], [4, 5, 7], [5, 6, 7]] comps 1 mismatch []
5 8 1 old defect 6 circuits [[0, 3], [1, 4], [1, 6], [1, 7], [2, 3], [5, 6], [0, 1, 2], [0, 1, 5], [0, 2, 4], [0, 2, 5], [0, 2, 6], [0, 2, 7], [0, 4, 5], [0, 4, 6], [0, 4, 7], [0, 5, 7], [0, 6, 7], [1, 2, 5], [1, 3, 5], [2, 4, 5], [2, 4, 6], [2, 4, 7], [2, 5, 7], [2, 6, 7], [3, 4, 5], [3, 4, 6], [3, 4, 7], [3, 5, 7], [3, 6, 7], [4, 5, 7], [4, 6, 7]] comps 1 mismatch []
5 8 2 old defect 6 circuits [[0, 3], [6, 7], [0, 1, 2], [0, 1, 4], [0, 1, 5], [0, 1, 6], [0, 1, 7], [0, 2, 4], [0, 2, 5], [0, 2, 6], [0, 2, 7], [0, 4, 5], [0, 4, 6], [0, 4, 7], [0, 5, 6], [0, 5, 7], [1, 2, 3], [1, 2, 4], [1, 2, 5], [1, 2, 6], [1, 2, 7], [1, 3, 4], [1, 3, 5], [1, 3, 6], [1, 3, 7], [1, 4, 5], [1, 4, 6], [1, 4, 7], [1, 5, 6], [1, 5, 7], [2, 3, 4], [2, 3, 5], [2, 3, 6], [2, 3, 7], [2, 4, 5], [2, 4, 6], [2, 4, 7], [2, 5, 6], [2, 5, 7], [3, 4, 5], [3, 4, 6], [3, 4, 7], [3, 5, 6], [3, 5, 7], [4, 5, 6], [4, 5, 7]] comps 1 mismatch []
5 8 3 old defect 6 circuits [[0, 1], [2, 7], [3, 6], [4, 7], [0, 2, 3], [0, 2, 4], [0, 2, 5], [0, 2, 6], [0, 3, 4], [0, 3, 5], [0, 3, 7], [0, 4, 5], [0, 4, 6], [0, 5, 6], [0, 5, 7], [0, 6, 7], [1, 2, 3], [1, 2, 4], [1, 2, 5], [1, 2, 6], [1, 3, 4], [1, 3, 5], [1, 3, 7], [1, 4, 5], [1, 4, 6], [1, 5, 6], [1, 5, 7], [1, 6, 7], [2, 3, 4], [2, 3, 5], [2, 4, 5], [2, 4, 6], [2, 5, 6], [3, 4, 5], [3, 5, 7], [4, 5, 6], [5, 6, 7]] comps 1 mismatch []
5 8 4 old defect 6 circuits [[1, 2], [1, 6], [2, 3], [4, 6], [4, 7], [0, 1, 3], [0, 1, 4], [0, 1, 5], [0, 1, 7], [0, 2, 4], [0, 2, 5], [0, 2, 6], [0, 2, 7], [0, 3, 4], [0, 3, 5], [0, 3, 6], [0, 3, 7], [0, 4, 5], [0, 5, 6], [0, 5, 7], [0, 6, 7], [1, 3, 4], [1, 3, 5], [1, 3, 7], [1, 4, 5], [1, 5, 7], [2, 4, 5], [2, 5, 6], [2, 5, 7], [2, 6, 7], [3, 4, 5], [3, 5, 6], [3, 5, 7], [3, 6, 7], [5, 6, 7]] comps 1 mismatch []
5 8 5 old defect 6 circuits [[0, 4], [2, 5], [3, 7], [0, 1, 2], [0, 1, 3], [0, 1, 5], [0, 1, 6], [0, 1, 7], [0, 2, 3], [0, 2, 6], [0, 2, 7], [0, 3, 5], [0, 3, 6], [0, 5, 6], [0, 5, 7], [0, 6, 7], [1, 2, 3], [1, 2, 4], [1, 2, 6], [1, 2, 7], [1, 3, 4], [1, 3, 5], [1, 3, 6], [1, 4, 5], [1, 4, 6], [1, 4, 7], [1, 5, 6], [1, 5, 7], [1, 6, 7], [2, 3, 4], [2, 3, 6], [2, 4, 6], [2, 4, 7], [2, 6, 7], [3, 4, 5], [3, 4, 6], [3, 5, 6], [4, 5, 6], [4, 5, 7], [4, 6, 7], [5, 6, 7]] comps 1 mismatch []
6 4 4 old defect 6 circuits [[0, 1]] comps 3 mismatch []
6 5 4 old defect 6 circuits [[1, 4], [2, 4], [0, 1, 2], [1, 2, 3]] comps 1 mismatch []
6 6 0 old defect 6 circuits [[3, 5], [0, 2, 3], [0, 2, 4], [1, 2, 4], [1, 2, 5], [1, 4, 5], [2, 4, 5]] comps 1 mismatch []
6 6 1 old defect 7 circuits [[0, 1, 2], [0, 1, 3], [0, 1, 5], [0, 2, 3], [0, 2, 5], [0, 3, 5], [1, 2, 3], [1, 2, 5], [1, 3, 5], [2, 3, 5]] comps 2 mismatch []
6 6 3 old defect 6 circuits [[1, 2], [0, 1, 3], [0, 1, 4], [0, 2, 3], [0, 2, 4], [2, 3, 5], [3, 4, 5]] comps 1 mismatch []
6 6 4 old defect 6 circuits [[2, 4], [0, 2, 3], [0, 2, 5], [0, 3, 4], [0, 3, 5], [0, 4, 5], [1, 4, 5]] comps 1 mismatch []
6 6 5 old defect 6 circuits [[1, 4], [0, 1, 5], [0, 2, 3], [0, 3, 5], [0, 4, 5]] comps 1 mismatch []
6 8 0 old defect 6 circuits [[1, 6], [3, 4], [0, 2, 3], [0, 2, 4], [0, 5, 7], [1, 4, 5], [1, 5, 7], [2, 3, 6], [2, 3, 7], [2, 5, 6]] comps 1 mismatch []
6 8 1 old defect 6 circuits [[1, 4], [3, 4], [0, 1, 7], [0, 2, 3], [0, 3, 5], [0, 6, 7], [1, 2, 3], [1, 2, 6], [1, 3, 6], [1, 5, 7], [2, 4, 6], [2, 5, 7], [2, 6, 7], [4, 5, 7]] comps 1 mismatch []
6 8 3 old defect 6 circuits [[4, 6], [0, 1, 4], [0, 1, 7], [0, 2, 4], [0, 2, 6], [0, 3, 6], [0, 4, 7], [0, 5, 7], [1, 2, 7], [1, 3, 4], [1, 4, 7], [2, 3, 4], [2, 3, 5], [2, 3, 7], [2, 4, 7], [3, 4, 7], [3, 6, 7], [4, 5, 7], [5, 6, 7]] comps 1 mismatch []
6 8 4 old defect 6 circuits [[5, 6], [0, 1, 5], [0, 1, 6], [0, 2, 3], [0, 2, 4], [0, 2, 7], [0, 3, 4], [0, 4, 5], [0, 5, 7], [1, 2, 4], [1, 2, 6], [1, 2, 7], [1, 3, 6], [1, 3, 7], [1, 4, 6], [1, 4, 7], [1, 6, 7], [2, 3, 4], [2, 3, 5], [2, 3, 6], [2, 4, 6], [3, 4, 6], [3, 6, 7]] comps 1 mismatch []
7 5 4 old defect 6 circuits [[2, 3]] comps 4 mismatch []
7 6 0 old defect 6 circuits [[2, 4], [0, 1, 4], [1, 2, 5]] comps 2 mismatch []
7 6 3 old defect 6 circuits [[1, 2], [0, 2, 4], [3, 4, 5]] comps 1 mismatch []
7 8 3 old defect 6 circuits [[0, 6], [0, 1, 2], [0, 4, 5], [1, 2, 6], [1, 3, 7], [1, 5, 7]] comps 1 mismatch []
7 8 5 old defect 6 circuits [[3, 4], [0, 1, 2], [2, 3, 6], [2, 3, 7], [2, 4, 7], [2, 5, 7], [2, 6, 7], [4, 5, 7]] comps 1 mismatch []
9 8 5 old defect 6 circuits [[4, 6], [0, 3, 5], [2, 3, 6]] comps 3 mismatch []
instances 144 with >=2 components 61 old defects among them 9 mismatches after correction 2
