cherry top M=4: g(0..M-1) = [0, 0, 0, 2]
  p=1: window penalty t=0..6: [2, 2, 0, 0, 0, 0, 0]; half-speed bound: [2, 0, 0, 0, 0, 0, 0]; (H) violations: [0, 0, 0, 0, 0, 0, 0]; (W) violations: [0, 108, 0, 0, 0, 0, 0]
  p=2: window penalty t=0..6: [0, 0, 0, 0, 0, 0, 0]; half-speed bound: [0, 0, 0, 0, 0, 0, 0]; (H) violations: [0, 0, 0, 0, 0, 0, 0]; (W) violations: [0, 0, 0, 0, 0, 0, 0]
  p=3: window penalty t=0..6: [0, 0, 0, 0, 0, 0, 0]; half-speed bound: [0, 0, 0, 0, 0, 0, 0]; (H) violations: [0, 0, 0, 0, 0, 0, 0]; (W) violations: [0, 0, 0, 0, 0, 0, 0]
   ["W", [-4, 0, 1, 2, 3, 4, 5, 6], 1, 0, 2]
   ["W", [-4, 0, 1, 2, 3, 4, 5, 7], 1, 0, 2]
   ["W", [-4, 0, 1, 2, 3, 4, 5, 8], 1, 0, 2]
   ["W", [-4, 0, 1, 2, 3, 4, 6, 7], 1, 0, 2]
   ["W", [-4, 0, 1, 2, 3, 4, 6, 8], 1, 0, 2]
   ["W", [-4, 0, 1, 2, 3, 4, 7, 8], 1, 0, 2]
   ["W", [-4, 0, 1, 2, 3, 5, 6, 7], 1, 0, 2]
   ["W", [-4, 0, 1, 2, 3, 5, 6, 8], 1, 0, 2]
   ["W", [-4, 0, 1, 2, 3, 5, 7, 8], 1, 0, 2]
   ["W", [-4, 0, 1, 2, 3, 6, 7, 8], 1, 0, 2]
   ["W", [-4, 0, 1, 2, 4, 5, 6, 7], 1, 0, 2]
   ["W", [-4, 0, 1, 2, 4, 5, 6, 8], 1, 0, 2]
nested cherries M=4: g(0..M-1) = [0, 0, 2, 10]
  p=1: window penalty t=0..6: [10, 10, 2, 2, 2, 2, 0]; half-speed bound: [10, 2, 2, 0, 0, 0, 0]; (H) violations: [0, 0, 0, 0, 0, 0, 0]; (W) violations: [0, 108, 0, 0, 72, 108, 0]
  p=2: window penalty t=0..6: [2, 2, 2, 2, 0, 0, 0]; half-speed bound: [2, 2, 0, 0, 0, 0, 0]; (H) violations: [0, 0, 0, 0, 0, 0, 0]; (W) violations: [0, 0, 252, 420, 0, 0, 0]
  p=3: window penalty t=0..6: [0, 0, 0, 0, 0, 0, 0]; half-speed bound: [0, 0, 0, 0, 0, 0, 0]; (H) violations: [0, 0, 0, 0, 0, 0, 0]; (W) violations: [0, 0, 0, 0, 0, 0, 0]
   ["W", [-4, -3, 0, 1, 2, 3, 4, 5], 2, 0, 2]
   ["W", [-4, -3, 0, 1, 2, 3, 4, 5], 3, 0, 2]
   ["W", [-4, -3, 0, 1, 2, 3, 4, 6], 2, 0, 2]
   ["W", [-4, -3, 0, 1, 2, 3, 4, 6], 3, 0, 2]
   ["W", [-4, -3, 0, 1, 2, 3, 4, 7], 2, 0, 2]
   ["W", [-4, -3, 0, 1, 2, 3, 4, 7], 3, 0, 2]
   ["W", [-4, -3, 0, 1, 2, 3, 4, 8], 2, 0, 2]
   ["W", [-4, -3, 0, 1, 2, 3, 4, 8], 3, 0, 2]
   ["W", [-4, -3, 0, 1, 2, 3, 5, 6], 2, 0, 2]
   ["W", [-4, -3, 0, 1, 2, 3, 5, 6], 3, 0, 2]
   ["W", [-4, -3, 0, 1, 2, 3, 5, 7], 2, 0, 2]
   ["W", [-4, -3, 0, 1, 2, 3, 5, 7], 3, 0, 2]
two separated cherries M=4: g(0..M-1) = [0, 0, 2, 6]
  p=1: window penalty t=0..6: [6, 6, 2, 2, 0, 0, 0]; half-speed bound: [6, 2, 2, 0, 0, 0, 0]; (H) violations: [0, 0, 0, 0, 0, 0, 0]; (W) violations: [0, 108, 0, 108, 0, 0, 0]
  p=2: window penalty t=0..6: [2, 2, 0, 0, 0, 0, 0]; half-speed bound: [2, 2, 0, 0, 0, 0, 0]; (H) violations: [0, 0, 0, 0, 0, 0, 0]; (W) violations: [0, 0, 0, 0, 0, 0, 0]
  p=3: window penalty t=0..6: [0, 0, 0, 0, 0, 0, 0]; half-speed bound: [0, 0, 0, 0, 0, 0, 0]; (H) violations: [0, 0, 0, 0, 0, 0, 0]; (W) violations: [0, 0, 0, 0, 0, 0, 0]
   ["W", [-4, 0, 1, 2, 3, 4, 5, 6], 1, 2, 6]
   ["W", [-4, 0, 1, 2, 3, 4, 5, 6], 3, 0, 2]
   ["W", [-4, 0, 1, 2, 3, 4, 5, 7], 1, 2, 6]
   ["W", [-4, 0, 1, 2, 3, 4, 5, 7], 3, 0, 2]
   ["W", [-4, 0, 1, 2, 3, 4, 5, 8], 1, 2, 6]
   ["W", [-4, 0, 1, 2, 3, 4, 5, 8], 3, 0, 2]
   ["W", [-4, 0, 1, 2, 3, 4, 6, 7], 1, 2, 6]
   ["W", [-4, 0, 1, 2, 3, 4, 6, 7], 3, 0, 2]
   ["W", [-4, 0, 1, 2, 3, 4, 6, 8], 1, 2, 6]
   ["W", [-4, 0, 1, 2, 3, 4, 6, 8], 3, 0, 2]
   ["W", [-4, 0, 1, 2, 3, 4, 7, 8], 1, 2, 6]
   ["W", [-4, 0, 1, 2, 3, 4, 7, 8], 3, 0, 2]
tie over cherry M=4: g(0..M-1) = [0, 0, 0, 4]
  p=1: window penalty t=0..6: [4, 4, 4, 4, 4, 4, 4]; half-speed bound: [4, 0, 0, 0, 0, 0, 0]; (H) violations: [0, 0, 0, 0, 0, 0, 0]; (W) violations: [0, 45, 45, 45, 45, 45, 45]
  p=2: window penalty t=0..6: [0, 0, 0, 0, 0, 0, 0]; half-speed bound: [0, 0, 0, 0, 0, 0, 0]; (H) violations: [0, 0, 0, 0, 0, 0, 0]; (W) violations: [0, 0, 0, 0, 0, 0, 0]
  p=3: window penalty t=0..6: [0, 0, 0, 0, 0, 0, 0]; half-speed bound: [0, 0, 0, 0, 0, 0, 0]; (H) violations: [0, 0, 0, 0, 0, 0, 0]; (W) violations: [0, 0, 0, 0, 0, 0, 0]
   ["W", [-4, 0, 1, 2, 3, 4, 5, 6], 1, 3, 4]
   ["W", [-4, 0, 1, 2, 3, 4, 5, 6], 2, 3, 4]
   ["W", [-4, 0, 1, 2, 3, 4, 5, 6], 3, 3, 4]
   ["W", [-4, 0, 1, 2, 3, 4, 5, 6], 4, 3, 4]
   ["W", [-4, 0, 1, 2, 3, 4, 5, 6], 5, 3, 4]
   ["W", [-4, 0, 1, 2, 3, 4, 5, 6], 6, 3, 4]
   ["W", [-4, 0, 1, 2, 3, 4, 5, 7], 1, 3, 4]
   ["W", [-4, 0, 1, 2, 3, 4, 5, 7], 2, 3, 4]
   ["W", [-4, 0, 1, 2, 3, 4, 5, 7], 3, 3, 4]
   ["W", [-4, 0, 1, 2, 3, 4, 5, 7], 4, 3, 4]
   ["W", [-4, 0, 1, 2, 3, 4, 5, 7], 5, 3, 4]
   ["W", [-4, 0, 1, 2, 3, 4, 5, 7], 6, 3, 4]
cherry over deep cherry M=4: g(0..M-1) = [0, 0, 2, 6]
  p=1: window penalty t=0..6: [6, 6, 4, 4, 4, 4, 4]; half-speed bound: [6, 2, 2, 0, 0, 0, 0]; (H) violations: [0, 0, 0, 0, 0, 0, 0]; (W) violations: [0, 0, 0, 0, 0, 0, 0]
  p=2: window penalty t=0..6: [2, 2, 0, 0, 0, 0, 0]; half-speed bound: [2, 2, 0, 0, 0, 0, 0]; (H) violations: [0, 0, 0, 0, 0, 0, 0]; (W) violations: [0, 0, 0, 0, 0, 0, 0]
  p=3: window penalty t=0..6: [0, 0, 0, 0, 0, 0, 0]; half-speed bound: [0, 0, 0, 0, 0, 0, 0]; (H) violations: [0, 0, 0, 0, 0, 0, 0]; (W) violations: [0, 0, 0, 0, 0, 0, 0]
caterpillar cluster M=4: g(0..M-1) = [0, 2, 8, 20]
  p=1: window penalty t=0..6: [20, 20, 8, 8, 8, 8, 2]; half-speed bound: [20, 8, 8, 2, 2, 2, 0]; (H) violations: [0, 0, 0, 0, 0, 0, 0]; (W) violations: [0, 108, 0, 0, 72, 108, 0]
  p=2: window penalty t=0..6: [8, 8, 8, 8, 2, 2, 2]; half-speed bound: [8, 8, 2, 2, 2, 0, 0]; (H) violations: [0, 0, 0, 0, 0, 0, 0]; (W) violations: [0, 0, 252, 420, 0, 0, 84]
  p=3: window penalty t=0..6: [2, 2, 2, 2, 2, 2, 0]; half-speed bound: [2, 2, 2, 0, 0, 0, 0]; (H) violations: [0, 0, 0, 0, 0, 0, 0]; (W) violations: [0, 0, 0, 126, 252, 378, 0]
   ["W", [-4, -3, -2, 0, 1, 2, 3, 4], 3, 0, 2]
   ["W", [-4, -3, -2, 0, 1, 2, 3, 4], 4, 0, 2]
   ["W", [-4, -3, -2, 0, 1, 2, 3, 4], 5, 0, 2]
   ["W", [-4, -3, -2, 0, 1, 2, 3, 5], 3, 0, 2]
   ["W", [-4, -3, -2, 0, 1, 2, 3, 5], 4, 0, 2]
   ["W", [-4, -3, -2, 0, 1, 2, 3, 5], 5, 0, 2]
   ["W", [-4, -3, -2, 0, 1, 2, 3, 6], 3, 0, 2]
   ["W", [-4, -3, -2, 0, 1, 2, 3, 6], 4, 0, 2]
   ["W", [-4, -3, -2, 0, 1, 2, 3, 6], 5, 0, 2]
   ["W", [-4, -3, -2, 0, 1, 2, 3, 7], 3, 0, 2]
   ["W", [-4, -3, -2, 0, 1, 2, 3, 7], 4, 0, 2]
   ["W", [-4, -3, -2, 0, 1, 2, 3, 7], 5, 0, 2]
