FIELD F3(b,c,d,e); slopes [0,1,b], [0,c,d,e]; common y shift12; precision12
BLOCK 1 ROWS 11
STEP 0 PRECISION 12 RANK 2
TRANSFORM
0, 0, 0, 0, 1, 0, 0, 0, 0, 0, 0,
0, 0, 0, 0, 0, 0, 0, 0, 0, 0, 1,
-1,0, 1, 0, 0, 0, 0, 0, 0, 0, 0,
0, 0, -1,1, 0, 0, 0, 0, 0, 0, 0,
0, 0, 0, -1,1, 0, 0, 0, 0, 0, 0,
0, -1,0, 0, -1,1, 0, 0, 0, 0, 0,
0, 0, 0, 0, 0, -1,1, 0, 0, 0, 0,
0, 0, 0, 0, 0, 0, -1,1, 0, 0, 0,
0, 0, 0, 0, 0, 0, 0, -1,1, 0, 0,
0, 0, 0, 0, 0, 0, 0, 0, -1,1, 0,
0, 0, 0, 0, 0, 0, 0, 0, 0, -1,1 
STEP 1 PRECISION 11 RANK 2
TRANSFORM
1, 0,0,     0, 0,      0,     0,      0,      0,    0,      0,      
0, 0,0,     0, 0,      0,     0,      0,      0,    0,      1/(c-d),
-1,1,1,     0, 0,      0,     0,      0,      0,    0,      0,      
0, 0,(-b+1),1, 0,      0,     0,      0,      0,    0,      0,      
0, 0,0,     -1,(b-1),  0,     0,      0,      0,    0,      0,      
0, 0,0,     0, (b-c+1),1,     0,      0,      0,    0,      0,      
0, 0,0,     0, 0,      (-c+d),(b-c+1),0,      0,    0,      0,      
0, 0,0,     0, 0,      0,     (-d+e), (c-d),  0,    0,      0,      
0, 0,0,     0, 0,      0,     0,      (c+d-e),(d-e),0,      0,      
0, 0,0,     0, 0,      0,     0,      0,      (d-e),(c+d-e),0,      
0, 0,0,     0, 0,      0,     0,      0,      0,    (-c+d), (d-e)   
STEP 2 PRECISION 10 RANK 4
TRANSFORM
1,-1,    0,      0,     0,0,     0,      0,     0,    P[1,10],0,
1,0,     0,      0,     0,0,     0,      0,     0,    0,      0,
0,0,     0,      0,     0,0,     0,      0,     0,    P[3,10],0,
0,0,     0,      0,     0,0,     1/(c-d),0,     0,    0,      0,
0,P[5,2],(-b2+b),1,     0,0,     0,      0,     0,    0,      0,
0,0,     0,      0,     1,0,     0,      0,     0,    0,      0,
0,0,     0,      P[7,4],0,P[7,6],P[7,7], 0,     0,    0,      0,
0,0,     0,      0,     0,P[8,6],P[8,7], P[8,8],0,    0,      0,
0,0,     0,      0,     0,0,     0,      (-c),  (c-d),0,      0,
0,0,     0,      0,     0,0,     0,      0,     (d),  (c-e),  0,
0,0,     0,      0,     0,0,     0,      0,     0,    0,      1 
STEP 3 PRECISION 9 RANK 6
TRANSFORM
-1,-1,1,     0,     0,     0,     0,     0,     0,      0,       P[1,11],
1, 0, 0,     0,     0,     0,     0,     0,     0,      0,       0,      
0, 1, 0,     0,     0,     0,     0,     0,     0,      0,       0,      
0, 0, 0,     0,     0,     0,     0,     0,     0,      0,       P[4,11],
0, 0, 0,     1,     0,     0,     0,     0,     0,      0,       0,      
0, 0, 0,     0,     0,     0,     0,     P[6,8],0,      0,       P[6,11],
0, 0, P[7,3],(b3-b),(-b-1),(b),   0,     0,     0,      0,       0,      
0, 0, 0,     0,     0,     P[8,6],P[8,7],P[8,8],0,      0,       0,      
0, 0, 0,     0,     0,     P[9,6],0,     P[9,8],P[9,9], 0,       0,      
0, 0, 0,     0,     0,     0,     0,     0,     P[10,9],(c2d-d3),0,      
0, 0, 0,     0,     0,     0,     0,     0,     0,      P[11,10],P[11,11]
STEP 4 PRECISION 8 RANK 8
TRANSFORM
0,0,1,-1,    0,0,0,     0,      0,      0,       P[1,11],
1,0,0,0,     0,0,0,     0,      0,      0,       0,      
0,1,0,0,     0,0,0,     0,      0,      0,       0,      
0,0,1,0,     0,0,0,     0,      0,      0,       0,      
0,0,0,0,     0,0,0,     0,      0,      0,       P[5,11],
0,0,0,0,     1,0,0,     0,      0,      0,       0,      
0,0,0,0,     0,1,0,     0,      0,      0,       0,      
0,0,0,0,     0,0,0,     0,      P[8,9], 0,       0,      
0,0,0,P[9,4],0,0,P[9,7],P[9,8], P[9,9], 0,       0,      
0,0,0,0,     0,0,0,     P[10,8],P[10,9],P[10,10],0,      
0,0,0,0,     0,0,0,     0,      0,      P[11,10],(c2)    
STEP 5 PRECISION 7 RANK 9
TRANSFORM
1,0,1,-1,0,      0,0,0,P[1,9], P[1,10], 0,
1,0,0,0, 0,      0,0,0,0,      0,       0,
0,1,0,0, 0,      0,0,0,0,      0,       0,
0,0,1,0, 0,      0,0,0,0,      0,       0,
0,0,0,1, 0,      0,0,0,0,      0,       0,
0,0,0,0, 0,      0,0,0,0,      P[6,10], 0,
0,0,0,0, 0,      1,0,0,0,      0,       0,
0,0,0,0, 0,      0,1,0,0,      0,       0,
0,0,0,0, 0,      0,0,1,0,      0,       0,
0,0,0,0, P[10,5],0,0,0,P[10,9],P[10,10],0,
0,0,0,0, 0,      0,0,0,0,      0,       1 
