466 243 9360
7 1 9
27
-4
1
135
169
11 1 9
27
4
1
135
74
13 1 9
27
4
1
135
74
14 1 9
27
-4
1
135
169
15 1 9
27
4
1
135
74
19 1 3
27
-8
1
216
17
21 1 3
27
8
1
216
226
22 1 9
27
4
1
135
74
23 1 9
27
-4
1
135
169
25 1 3
27
8
1
216
226
26 1 9
27
4
1
135
74
27 1 9
27
4
1
135
74
28 1 9
27
-4
1
135
169
29 1 9
27
-4
1
135
169
30 1 9
27
4
1
135
74
31 2 27
729
108
22
4
1
0
81
174
232
35 1 9
27
4
1
135
74
37 1 9
27
-4
1
135
169
38 1 3
27
-8
1
216
17
39 1 3
27
8
1
216
226
41 1 9
27
4
1
135
74
42 1 3
27
8
1
216
226
43 1 3
27
8
1
216
226
44 1 9
27
4
1
135
74
45 1 9
27
-4
1
135
169
46 1 9
27
-4
1
135
169
47 2 1
729
0
-26
0
1
0
0
215
0
49 1 9
27
4
1
135
74
50 1 3
27
8
1
216
226
51 1 9
27
4
1
135
74
52 1 9
27
4
1
135
74
53 1 3
27
8
1
216
226
54 1 9
27
4
1
135
74
55 2 3
729
-216
54
-8
1
0
216
216
53
56 1 9
27
-4
1
135
169
57 1 3
27
8
1
216
226
58 1 9
27
-4
1
135
169
59 2 9
729
0
22
0
1
0
0
65
0
60 1 9
27
4
1
135
74
61 2 9
729
0
38
0
1
0
0
103
0
62 2 27
729
108
22
4
1
0
81
174
232
63 2 9
729
0
38
0
1
0
0
103
0
67 1 9
27
4
1
135
74
69 1 9
27
-4
1
135
169
70 1 9
27
4
1
135
74
71 1 9
27
4
1
135
74
73 1 9
27
-4
1
135
169
74 1 9
27
-4
1
135
169
75 1 9
27
4
1
135
74
76 1 3
27
-8
1
216
17
77 1 3
27
8
1
216
226
78 1 3
27
8
1
216
226
79 2 27
729
108
22
4
1
0
81
174
232
81 1 9
27
4
1
135
74
82 1 9
27
4
1
135
74
83 1 1
27
0
1
0
0
84 1 3
27
8
1
216
226
85 1 9
27
-4
1
135
169
86 1 3
27
8
1
216
226
87 2 9
729
-108
38
-4
1
0
54
152
170
88 1 9
27
4
1
135
74
89 1 3
27
8
1
216
226
90 1 9
27
-4
1
135
169
91 2 9
729
216
38
8
1
0
216
2
146
92 1 9
27
-4
1
135
169
93 2 9
729
0
22
0
1
0
0
65
0
94 2 1
729
0
-26
0
1
0
0
215
0
95 2 9
729
108
38
4
1
0
189
152
73
97 1 9
27
-4
1
135
169
98 1 9
27
4
1
135
74
99 1 9
27
-4
1
135
169
100 1 3
27
8
1
216
226
101 1 1
27
0
1
0
0
102 1 9
27
4
1
135
74
103 2 9
729
216
38
8
1
0
216
2
146
104 1 9
27
4
1
135
74
105 1 9
27
4
1
135
74
106 1 3
27
8
1
216
226
107 2 27
729
-108
22
-4
1
0
162
174
11
108 1 9
27
4
1
135
74
109 2 9
729
216
38
8
1
0
216
2
146
110 2 3
729
-216
54
-8
1
0
216
216
53
111 2 3
729
0
-10
0
1
0
0
154
0
112 1 9
27
-4
1
135
169
113 1 9
27
4
1
135
74
114 1 3
27
8
1
216
226
115 2 9
729
216
38
8
1
0
216
2
146
116 1 9
27
-4
1
135
169
117 2 9
729
-108
38
-4
1
0
54
152
170
118 2 9
729
0
22
0
1
0
0
65
0
119 2 3
729
0
-10
0
1
0
0
154
0
120 1 9
27
4
1
135
74
121 2 27
729
-108
22
-4
1
0
162
174
11
122 2 9
729
0
38
0
1
0
0
103
0
123 2 3
729
0
-10
0
1
0
0
154
0
124 2 27
729
108
22
4
1
0
81
174
232
125 2 9
729
108
38
4
1
0
189
152
73
126 2 9
729
0
38
0
1
0
0
103
0
127 3 9
19683
0
27
-128
1
0
1
0
0
189
202
178
44
131 1 3
27
8
1
216
226
133 1 1
27
0
1
0
0
134 1 9
27
4
1
135
74
135 1 9
27
4
1
135
74
137 1 9
27
4
1
135
74
138 1 9
27
-4
1
135
169
139 1 3
27
8
1
216
226
140 1 9
27
4
1
135
74
141 1 3
27
-8
1
216
17
142 1 9
27
4
1
135
74
143 2 9
729
216
38
8
1
0
216
2
146
145 1 9
27
4
1
135
74
146 1 9
27
-4
1
135
169
147 1 9
27
-4
1
135
169
148 1 9
27
-4
1
135
169
149 1 9
27
4
1
135
74
150 1 9
27
4
1
135
74
151 2 9
729
216
38
8
1
0
216
2
146
152 1 3
27
-8
1
216
17
153 1 9
27
4
1
135
74
154 1 3
27
8
1
216
226
155 2 3
729
-216
54
-8
1
0
216
216
53
156 1 3
27
8
1
216
226
157 2 3
729
0
-10
0
1
0
0
154
0
158 2 27
729
108
22
4
1
0
81
174
232
159 2 1
729
0
-26
0
1
0
0
215
0
161 1 3
27
-8
1
216
17
162 1 9
27
4
1
135
74
163 1 9
27
4
1
135
74
164 1 9
27
4
1
135
74
165 1 9
27
4
1
135
74
166 1 1
27
0
1
0
0
167 2 3
729
0
-10
0
1
0
0
154
0
168 1 3
27
8
1
216
226
169 1 9
27
4
1
135
74
170 1 9
27
-4
1
135
169
171 2 9
729
0
22
0
1
0
0
65
0
172 1 3
27
8
1
216
226
173 2 9
729
-108
38
-4
1
0
54
152
170
174 2 9
729
-108
38
-4
1
0
54
152
170
175 2 3
729
0
-10
0
1
0
0
154
0
176 1 9
27
4
1
135
74
177 1 3
27
-8
1
216
17
178 1 3
27
8
1
216
226
179 2 9
729
0
22
0
1
0
0
65
0
180 1 9
27
-4
1
135
169
181 2 9
729
108
38
4
1
0
189
152
73
182 2 9
729
216
38
8
1
0
216
2
146
183 2 9
729
108
38
4
1
0
189
152
73
184 1 9
27
-4
1
135
169
185 2 9
729
0
22
0
1
0
0
65
0
186 2 9
729
0
22
0
1
0
0
65
0
187 2 9
729
0
22
0
1
0
0
65
0
188 2 1
729
0
-26
0
1
0
0
215
0
189 2 27
729
432
118
16
1
0
81
93
70
190 2 9
729
108
38
4
1
0
189
152
73
191 3 27
19683
0
-405
64
-15
0
1
0
0
162
116
75
18
193 1 3
27
8
1
216
226
194 1 9
27
-4
1
135
169
195 1 9
27
-4
1
135
169
196 1 9
27
4
1
135
74
197 1 9
27
4
1
135
74
198 1 9
27
-4
1
135
169
199 2 3
729
-108
-10
-4
1
0
135
152
176
200 1 3
27
8
1
216
226
201 1 9
27
-4
1
135
169
202 1 1
27
0
1
0
0
203 2 9
729
-108
38
-4
1
0
54
152
170
204 1 9
27
4
1
135
74
205 2 3
729
0
-10
0
1
0
0
154
0
206 2 9
729
216
38
8
1
0
216
2
146
207 2 9
729
108
38
4
1
0
189
152
73
208 1 9
27
4
1
135
74
209 1 3
27
8
1
216
226
210 1 9
27
4
1
135
74
211 2 9
729
-108
38
-4
1
0
54
152
170
212 1 3
27
8
1
216
226
213 2 3
729
0
-10
0
1
0
0
154
0
214 2 27
729
-108
22
-4
1
0
162
174
11
215 2 9
729
216
38
8
1
0
216
2
146
216 1 9
27
4
1
135
74
217 2 9
729
0
22
0
1
0
0
65
0
218 2 9
729
216
38
8
1
0
216
2
146
219 2 3
729
0
-10
0
1
0
0
154
0
220 2 3
729
-216
54
-8
1
0
216
216
53
221 2 9
729
0
22
0
1
0
0
65
0
222 2 3
729
0
-10
0
1
0
0
154
0
223 3 9
19683
2916
1323
152
49
4
1
0
0
216
61
237
38
224 1 9
27
-4
1
135
169
225 1 9
27
4
1
135
74
226 1 9
27
4
1
135
74
227 2 27
729
108
22
4
1
0
81
174
232
228 1 3
27
8
1
216
226
229 2 3
729
0
-10
0
1
0
0
154
0
230 2 9
729
216
38
8
1
0
216
2
146
231 2 9
729
0
38
0
1
0
0
103
0
232 1 9
27
-4
1
135
169
233 2 1
729
0
-26
0
1
0
0
215
0
234 2 9
729
-108
38
-4
1
0
54
152
170
235 2 9
729
216
38
8
1
0
216
2
146
236 2 9
729
0
22
0
1
0
0
65
0
237 2 9
729
108
38
4
1
0
189
152
73
238 2 3
729
0
-10
0
1
0
0
154
0
239 3 9
19683
2916
459
88
17
4
1
0
0
54
130
119
63
240 1 9
27
4
1
135
74
241 2 9
729
0
38
0
1
0
0
103
0
242 2 27
729
-108
22
-4
1
0
162
174
11
243 2 9
729
108
38
4
1
0
189
152
73
244 2 9
729
0
38
0
1
0
0
103
0
245 2 3
729
0
-10
0
1
0
0
154
0
246 2 3
729
0
-10
0
1
0
0
154
0
247 3 27
19683
-2916
459
40
17
-4
1
0
0
189
197
118
199
248 2 27
729
108
22
4
1
0
81
174
232
249 2 1
729
0
-26
0
1
0
0
215
0
250 2 9
729
108
38
4
1
0
189
152
73
251 3 9
19683
2916
459
152
17
4
1
0
0
27
163
190
59
252 2 9
729
0
38
0
1
0
0
103
0
253 3 9
19683
5832
459
-16
17
8
1
0
0
135
62
89
12
254 3 9
19683
0
27
-128
1
0
1
0
0
189
202
178
44
255 3 9
19683
-2916
27
104
1
-4
1
0
0
162
174
217
12
259 1 9
27
-4
1
135
169
261 1 3
27
-8
1
216
17
262 1 3
27
8
1
216
226
263 1 9
27
4
1
135
74
265 1 3
27
8
1
216
226
266 1 1
27
0
1
0
0
267 1 9
27
4
1
135
74
268 1 9
27
4
1
135
74
269 1 9
27
4
1
135
74
270 1 9
27
4
1
135
74
271 2 9
729
-216
38
-8
1
0
27
2
97
273 1 9
27
-4
1
135
169
274 1 9
27
4
1
135
74
275 1 3
27
8
1
216
226
276 1 9
27
-4
1
135
169
277 1 9
27
4
1
135
74
278 1 3
27
8
1
216
226
279 2 3
729
216
54
8
1
0
27
216
190
280 1 9
27
4
1
135
74
281 1 9
27
-4
1
135
169
282 1 3
27
-8
1
216
17
283 2 3
729
0
-10
0
1
0
0
154
0
284 1 9
27
4
1
135
74
285 2 1
729
0
-26
0
1
0
0
215
0
286 2 9
729
216
38
8
1
0
216
2
146
287 2 27
729
108
22
4
1
0
81
174
232
289 1 3
27
8
1
216
226
290 1 9
27
4
1
135
74
291 1 3
27
8
1
216
226
292 1 9
27
-4
1
135
169
293 1 9
27
4
1
135
74
294 1 9
27
-4
1
135
169
295 2 3
729
216
54
8
1
0
27
216
190
296 1 9
27
-4
1
135
169
297 1 9
27
-4
1
135
169
298 1 9
27
4
1
135
74
299 2 3
729
0
-10
0
1
0
0
154
0
300 1 9
27
4
1
135
74
301 2 27
729
108
22
4
1
0
81
174
232
302 2 9
729
216
38
8
1
0
216
2
146
303 2 27
729
-108
22
-4
1
0
162
174
11
304 1 3
27
-8
1
216
17
305 1 9
27
-4
1
135
169
306 1 9
27
4
1
135
74
307 2 3
729
-216
54
-8
1
0
216
216
53
308 1 3
27
8
1
216
226
309 2 3
729
216
54
8
1
0
27
216
190
310 2 3
729
-216
54
-8
1
0
216
216
53
311 2 3
729
216
54
8
1
0
27
216
190
312 1 3
27
8
1
216
226
313 2 9
729
0
22
0
1
0
0
65
0
314 2 3
729
0
-10
0
1
0
0
154
0
315 2 9
729
0
22
0
1
0
0
65
0
316 2 27
729
108
22
4
1
0
81
174
232
317 2 9
729
0
38
0
1
0
0
103
0
318 2 1
729
0
-26
0
1
0
0
215
0
319 3 3
19683
2916
459
216
17
4
1
0
0
216
108
35
144
321 1 1
27
0
1
0
0
322 1 3
27
-8
1
216
17
323 1 9
27
4
1
135
74
324 1 9
27
4
1
135
74
325 1 9
27
4
1
135
74
326 1 9
27
4
1
135
74
327 2 9
729
216
38
8
1
0
216
2
146
328 1 9
27
4
1
135
74
329 1 9
27
4
1
135
74
330 1 9
27
4
1
135
74
331 2 9
729
0
38
0
1
0
0
103
0
332 1 1
27
0
1
0
0
333 2 3
729
0
-10
0
1
0
0
154
0
334 2 3
729
0
-10
0
1
0
0
154
0
335 2 3
729
108
-10
4
1
0
108
152
67
336 1 3
27
8
1
216
226
337 1 9
27
4
1
135
74
338 1 9
27
4
1
135
74
339 2 3
729
0
-10
0
1
0
0
154
0
340 1 9
27
-4
1
135
169
341 2 9
729
108
38
4
1
0
189
152
73
342 2 9
729
0
22
0
1
0
0
65
0
343 2 9
729
-216
38
-8
1
0
27
2
97
344 1 3
27
8
1
216
226
345 2 3
729
0
-10
0
1
0
0
154
0
346 2 9
729
-108
38
-4
1
0
54
152
170
347 2 9
729
-108
38
-4
1
0
54
152
170
348 2 9
729
-108
38
-4
1
0
54
152
170
349 2 9
729
216
38
8
1
0
216
2
146
350 2 3
729
0
-10
0
1
0
0
154
0
351 3 9
19683
2916
459
88
17
4
1
0
0
54
130
119
63
352 1 9
27
4
1
135
74
353 1 9
27
4
1
135
74
354 1 3
27
-8
1
216
17
355 2 9
729
108
38
4
1
0
189
152
73
356 1 3
27
8
1
216
226
357 2 3
729
0
-10
0
1
0
0
154
0
358 2 9
729
0
22
0
1
0
0
65
0
359 2 9
729
-108
38
-4
1
0
54
152
170
360 1 9
27
-4
1
135
169
361 2 3
729
-108
-10
-4
1
0
135
152
176
362 2 9
729
108
38
4
1
0
189
152
73
363 2 1
729
0
-26
0
1
0
0
215
0
364 2 9
729
216
38
8
1
0
216
2
146
365 2 9
729
0
38
0
1
0
0
103
0
366 2 9
729
108
38
4
1
0
189
152
73
367 3 9
19683
0
27
256
1
0
1
0
0
189
37
193
143
368 1 9
27
-4
1
135
169
369 2 9
729
216
38
8
1
0
216
2
146
370 2 9
729
0
22
0
1
0
0
65
0
371 2 9
729
108
38
4
1
0
189
152
73
372 2 9
729
0
22
0
1
0
0
65
0
373 2 9
729
216
38
8
1
0
216
2
146
374 2 9
729
0
22
0
1
0
0
65
0
375 3 1
19683
0
27
0
1
0
1
0
0
27
0
82
0
376 2 1
729
0
-26
0
1
0
0
215
0
377 2 9
729
0
38
0
1
0
0
103
0
378 2 27
729
432
118
16
1
0
81
93
70
379 3 9
19683
0
459
-64
17
0
1
0
0
0
72
89
208
380 2 9
729
108
38
4
1
0
189
152
73
381 3 9
19683
-5832
891
-112
33
-8
1
0
0
81
217
37
157
382 3 27
19683
0
-405
64
-15
0
1
0
0
162
116
75
18
383 3 9
19683
2916
459
152
17
4
1
0
0
27
163
190
59
385 1 9
27
4
1
135
74
386 1 3
27
8
1
216
226
387 1 9
27
-4
1
135
169
388 1 9
27
-4
1
135
169
389 1 9
27
4
1
135
74
390 1 9
27
-4
1
135
169
391 2 9
729
108
38
4
1
0
189
152
73
392 1 9
27
4
1
135
74
393 1 3
27
8
1
216
226
394 1 9
27
4
1
135
74
395 2 3
729
0
-10
0
1
0
0
154
0
396 1 9
27
-4
1
135
169
397 2 9
729
-108
38
-4
1
0
54
152
170
398 2 3
729
-108
-10
-4
1
0
135
152
176
399 2 27
729
108
22
4
1
0
81
174
232
400 1 3
27
8
1
216
226
401 1 3
27
8
1
216
226
402 1 9
27
-4
1
135
169
403 2 9
729
0
22
0
1
0
0
65
0
404 1 1
27
0
1
0
0
405 2 3
729
0
-10
0
1
0
0
154
0
406 2 9
729
-108
38
-4
1
0
54
152
170
407 2 9
729
216
38
8
1
0
216
2
146
408 1 9
27
4
1
135
74
409 2 9
729
0
22
0
1
0
0
65
0
410 2 3
729
0
-10
0
1
0
0
154
0
411 2 9
729
0
22
0
1
0
0
65
0
412 2 9
729
216
38
8
1
0
216
2
146
413 2 9
729
108
38
4
1
0
189
152
73
414 2 9
729
108
38
4
1
0
189
152
73
415 3 9
19683
-2916
1323
-152
49
-4
1
0
0
216
182
237
205
416 1 9
27
4
1
135
74
417 1 9
27
4
1
135
74
418 1 3
27
8
1
216
226
419 2 9
729
0
22
0
1
0
0
65
0
420 1 9
27
4
1
135
74
421 2 9
729
216
38
8
1
0
216
2
146
422 2 9
729
-108
38
-4
1
0
54
152
170
423 2 9
729
-216
38
-8
1
0
27
2
97
424 1 3
27
8
1
216
226
425 2 9
729
0
22
0
1
0
0
65
0
426 2 3
729
0
-10
0
1
0
0
154
0
427 2 3
729
216
54
8
1
0
27
216
190
428 2 27
729
-108
22
-4
1
0
162
174
11
429 2 1
729
0
-26
0
1
0
0
215
0
430 2 9
729
216
38
8
1
0
216
2
146
431 3 9
19683
-2916
1323
-152
49
-4
1
0
0
216
182
237
205
432 1 9
27
4
1
135
74
433 2 9
729
0
22
0
1
0
0
65
0
434 2 9
729
0
22
0
1
0
0
65
0
435 2 9
729
0
22
0
1
0
0
65
0
436 2 9
729
216
38
8
1
0
216
2
146
437 2 9
729
-108
38
-4
1
0
54
152
170
438 2 3
729
0
-10
0
1
0
0
154
0
439 3 1
19683
0
27
0
1
0
1
0
0
27
0
82
0
440 2 3
729
-216
54
-8
1
0
216
216
53
441 2 9
729
0
22
0
1
0
0
65
0
442 2 9
729
0
22
0
1
0
0
65
0
443 3 27
19683
8748
3483
712
129
12
1
0
0
162
161
201
66
444 2 3
729
0
-10
0
1
0
0
154
0
445 3 27
19683
0
-405
-64
-15
0
1
0
0
162
127
75
225
446 3 9
19683
2916
1323
152
49
4
1
0
0
216
61
237
38
447 3 27
19683
0
-405
-64
-15
0
1
0
0
162
127
75
225
448 1 9
27
-4
1
135
169
449 1 9
27
4
1
135
74
450 1 9
27
4
1
135
74
451 2 9
729
108
38
4
1
0
189
152
73
452 1 9
27
4
1
135
74
453 2 9
729
0
38
0
1
0
0
103
0
454 2 27
729
108
22
4
1
0
81
174
232
455 2 27
729
216
70
8
1
0
162
48
101
456 1 3
27
8
1
216
226
457 2 3
729
0
-10
0
1
0
0
154
0
458 2 3
729
0
-10
0
1
0
0
154
0
459 2 9
729
-216
38
-8
1
0
27
2
97
460 2 9
729
216
38
8
1
0
216
2
146
461 2 9
729
-108
38
-4
1
0
54
152
170
462 2 9
729
0
38
0
1
0
0
103
0
463 3 9
19683
2916
27
-104
1
4
1
0
0
162
69
217
231
464 1 9
27
-4
1
135
169
465 2 3
729
0
-10
0
1
0
0
154
0
466 2 1
729
0
-26
0
1
0
0
215
0
467 2 9
729
216
38
8
1
0
216
2
146
468 2 9
729
-108
38
-4
1
0
54
152
170
469 2 9
729
-216
38
-8
1
0
27
2
97
470 2 9
729
216
38
8
1
0
216
2
146
471 3 9
19683
0
27
-64
1
0
1
0
0
189
182
199
217
472 2 9
729
0
22
0
1
0
0
65
0
473 2 3
729
216
54
8
1
0
27
216
190
474 2 9
729
108
38
4
1
0
189
152
73
475 3 27
19683
0
891
128
33
0
1
0
0
81
175
114
198
476 2 3
729
0
-10
0
1
0
0
154
0
477 3 27
19683
0
891
128
33
0
1
0
0
81
175
114
198
478 3 9
19683
2916
459
88
17
4
1
0
0
54
130
119
63
479 3 9
19683
0
27
-64
1
0
1
0
0
189
182
199
217
480 1 9
27
4
1
135
74
481 2 9
729
-216
38
-8
1
0
27
2
97
482 2 9
729
0
38
0
1
0
0
103
0
483 2 27
729
108
22
4
1
0
81
174
232
484 2 27
729
-108
22
-4
1
0
162
174
11
485 2 3
729
108
-10
4
1
0
108
152
67
486 2 9
729
108
38
4
1
0
189
152
73
487 3 9
19683
-2916
891
-280
33
-4
1
0
0
81
241
211
23
488 2 9
729
0
38
0
1
0
0
103
0
489 2 27
729
-108
22
-4
1
0
162
174
11
490 2 3
729
0
-10
0
1
0
0
154
0
491 3 9
19683
2916
-405
-104
-15
4
1
0
0
162
188
121
79
492 2 3
729
0
-10
0
1
0
0
154
0
493 3 9
19683
5832
891
176
33
8
1
0
0
81
139
28
95
494 3 27
19683
-2916
459
40
17
-4
1
0
0
189
197
118
199
495 3 9
19683
8748
2619
584
97
12
1
0
0
189
152
82
25
496 2 27
729
108
22
4
1
0
81
174
232
497 2 27
729
108
22
4
1
0
81
174
232
498 2 1
729
0
-26
0
1
0
0
215
0
499 3 9
19683
2916
459
152
17
4
1
0
0
27
163
190
59
500 2 9
729
108
38
4
1
0
189
152
73
501 3 27
19683
2916
459
-40
17
4
1
0
0
189
46
118
44
502 3 9
19683
2916
459
152
17
4
1
0
0
27
163
190
59
503 3 9
19683
0
27
-64
1
0
1
0
0
189
182
199
217
504 2 9
729
0
38
0
1
0
0
103
0
505 3 27
19683
2916
459
-40
17
4
1
0
0
189
46
118
44
506 3 9
19683
5832
459
-16
17
8
1
0
0
135
62
89
12
507 3 27
19683
0
-405
-64
-15
0
1
0
0
162
127
75
225
508 3 9
19683
0
27
-128
1
0
1
0
0
189
202
178
44
509 3 9
19683
2916
459
152
17
4
1
0
0
27
163
190
59
510 3 9
19683
-2916
27
104
1
-4
1
0
0
162
174
217
12
511 4 9
531441
-78732
20412
-5292
1078
-196
28
-4
1
0
0
0
81
60
227
201
99
