# command: M2 --script research/tools/bmd_cube_epd_finite_jet_dual.m2
# run 7d6e3935ce, session cube-epd-jet-support-20260927; full output
CENTERING_IDENTITIES=170; polynomial source change determinant1; cpu=.144675
CENTERED_DEFECT_PRESENTATION={{-(567/2560)*c_2*c_3+(135/2048)*c_5, (387/8192)*c_2^3-(81/4096)*c_3^2-(5877/32768)*c_2*c_4, (15235/32768)*c_2^2*c_3-(1023/32768)*c_3*c_4-(33605/131072)*c_2*c_5, -(162789/1638400)*c_2^4+(36333/81920)*c_2*c_3^2+(2510079/6553600)*c_2^2*c_4-(1023/81920)*c_4^2-(35145/262144)*c_3*c_5, -(5124249/6553600)*c_2^3*c_3+(3159/81920)*c_3^3+(10273887/13107200)*c_2*c_3*c_4+(485745/1048576)*c_2^2*c_5-(66261/524288)*c_4*c_5, (977249/6553600)*c_2^5-(67895373/52428800)*c_2^2*c_3^2-(3473379/5242880)*c_2^3*c_4+(5186727/52428800)*c_3^2*c_4+(36151661/104857600)*c_2*c_4^2+(41598921/41943040)*c_2*c_3*c_5-(471835/4194304)*c_5^2, (12303543/10485760)*c_2^4*c_3-(701505/1048576)*c_2*c_3^3-(9721593/4194304)*c_2^2*c_3*c_4+(1774479/20971520)*c_3*c_4^2-(6227781/8388608)*c_2^3*c_5+(959427/4194304)*c_3^2*c_5+(15058953/16777216)*c_2*c_4*c_5, -(4095729/20971520)*c_2^6+(55736073/20971520)*c_2^3*c_3^2-(115749/2097152)*c_3^4+(85475031/83886080)*c_2^4*c_4-(153604503/83886080)*c_2*c_3^2*c_4-(86542227/83886080)*c_2^2*c_4^2+(253497/10485760)*c_4^3-(2752533/1048576)*c_2^2*c_3*c_5+(894363/2097152)*c_3*c_4*c_5+(36966705/67108864)*c_2*c_5^2, -(68513043/41943040)*c_2^5*c_3+(1033939167/419430400)*c_2^2*c_3^3+(4033629117/838860800)*c_2^3*c_3*c_4-(82337103/419430400)*c_3^3*c_4-(699644979/419430400)*c_2*c_3*c_4^2+(920080579/838860800)*c_2^4*c_5-(741869409/335544320)*c_2*c_3^2*c_5-(248911467/104857600)*c_2^2*c_4*c_5+(67112719/335544320)*c_4^2*c_5+(22756285/67108864)*c_3*c_5^2, (638923869/2684354560)*c_2^7-(2478368205/536870912)*c_2^4*c_3^2+(604954197/671088640)*c_2*c_3^4-(15530518827/10737418240)*c_2^5*c_4+(182981771523/26843545600)*c_2^2*c_3^2*c_4+(58103287497/26843545600)*c_2^3*c_4^2-(1756020933/6710886400)*c_3^2*c_4^2-(27145948041/53687091200)*c_2*c_4^3+(279524579049/53687091200)*c_2^3*c_3*c_5-(1868709717/5368709120)*c_3^3*c_5-(27489941307/6710886400)*c_2*c_3*c_4*c_5-(2878086825/2147483648)*c_2^2*c_5^2+(348886359/1073741824)*c_4*c_5^2}, {(99/2560)*c_2^2-(369/2048)*c_4, (999/16384)*c_2*c_3-(8325/65536)*c_5, -(1287/16384)*c_2^3+(99/4096)*c_3^2+(23529/65536)*c_2*c_4, -(655677/3276800)*c_2^2*c_3+(441573/1310720)*c_3*c_4+(137445/524288)*c_2*c_5, (37791/327680)*c_2^4-(1113021/6553600)*c_2*c_3^2-(770523/1310720)*c_2^2*c_4+(160251/524288)*c_4^2+(257907/1048576)*c_3*c_5, (10664199/26214400)*c_2^3*c_3-(1260441/26214400)*c_3^3-(28741349/26214400)*c_2*c_3*c_4-(9507771/20971520)*c_2^2*c_5+(4350983/8388608)*c_4*c_5, -(156009/1048576)*c_2^5+(2820321/5242880)*c_2^2*c_3^2+(3642471/4194304)*c_2^3*c_4-(10780959/20971520)*c_3^2*c_4-(955605/1048576)*c_2*c_4^2-(3527181/4194304)*c_2*c_3*c_5+(3600975/16777216)*c_5^2, -(28162377/41943040)*c_2^4*c_3+(13257729/41943040)*c_2*c_3^3+(204185763/83886080)*c_2^2*c_3*c_4-(18247149/20971520)*c_3*c_4^2+(23505969/33554432)*c_2^3*c_5-(13166571/33554432)*c_3^2*c_5-(26233707/16777216)*c_2*c_4*c_5, (3008745/16777216)*c_2^6-(101664369/83886080)*c_2^3*c_3^2+(7304067/104857600)*c_3^4-(80314919/67108864)*c_2^4*c_4+(1914112263/838860800)*c_2*c_3^2*c_4+(314247669/167772160)*c_2^2*c_4^2-(27153437/67108864)*c_4^3+(3275064297/1677721600)*c_2^2*c_3*c_5-(125279171/83886080)*c_3*c_4*c_5-(44038755/67108864)*c_2*c_5^2, (5297347917/5368709120)*c_2^5*c_3-(2935639611/2684354560)*c_2^2*c_3^3-(12058310511/2684354560)*c_2^3*c_3*c_4+(19205978157/26843545600)*c_3^3*c_4+(47953050849/13421772800)*c_2*c_3*c_4^2-(21445659783/21474836480)*c_2^4*c_5+(97682789871/53687091200)*c_2*c_3^2*c_5+(34992680643/10737418240)*c_2^2*c_4*c_5-(4678488621/4294967296)*c_4^2*c_5-(2692225791/4294967296)*c_3*c_5^2}, {(9/256)*c_3, -(63/8192)*c_2^2+(945/32768)*c_4, -(2387/32768)*c_2*c_3+(3025/131072)*c_5, (26301/1638400)*c_2^3-(4125/65536)*c_3^2-(79563/1310720)*c_2*c_4, (799851/6553600)*c_2^2*c_3-(59241/524288)*c_3*c_4-(51987/1048576)*c_2*c_5, -(78533/3276800)*c_2^4+(10038847/52428800)*c_2*c_3^2+(684411/6553600)*c_2^2*c_4-(211393/4194304)*c_4^2-(852579/8388608)*c_3*c_5, -(1918707/10485760)*c_2^3*c_3+(11235/131072)*c_3^3+(7261989/20971520)*c_2*c_3*c_4+(741069/8388608)*c_2^2*c_5-(1509795/16777216)*c_4*c_5, (655761/20971520)*c_2^5-(2090403/5242880)*c_2^2*c_3^2-(13443423/83886080)*c_2^3*c_4+(3998355/16777216)*c_3^2*c_4+(13057341/83886080)*c_2*c_4^2+(5262303/16777216)*c_2*c_3*c_5-(2671275/67108864)*c_5^2, (21367249/83886080)*c_2^4*c_3-(144669303/419430400)*c_2*c_3^3-(610117743/838860800)*c_2^2*c_3*c_4+(3697109/16777216)*c_3*c_4^2-(234135747/1677721600)*c_2^3*c_5+(14892085/67108864)*c_3^2*c_5+(46985127/167772160)*c_2*c_4*c_5, -(101998521/2684354560)*c_2^6+(374756517/536870912)*c_2^3*c_3^2-(28237527/268435456)*c_3^4+(2439823527/10737418240)*c_2^4*c_4-(25857971397/26843545600)*c_2*c_3^2*c_4-(8859572253/26843545600)*c_2^2*c_4^2+(145460925/2147483648)*c_4^3-(35684292051/53687091200)*c_2^2*c_3*c_5+(54931743/134217728)*c_3*c_4*c_5+(268308603/2147483648)*c_2*c_5^2}}
TARGET_DEGREES={{4}, {5}, {6}} SOURCE_DEGREES={{9}, {10}, {11}, {12}, {13}, {14}, {15}, {16}, {17}, {18}}
PRESENTATION_READY cpu=.181475
EPD_RESIDUAL=0
PASS EPD primitive of the degree4 divided difference
FIRST_CLASS_IN_MINIMAL_COVER={{(1/18)*c_2^2-(4/3)*c_4}, {(1/2)*c_3}, {(1/18)*c_2}}
TRANSVERSE_DEFECT_DIMENSION=5 ETA_DETECTOR={{-1/4050, 0, 0, 17/60, -13/30, -511/20, -9/10, 1/5, 741/10, 0, 0, 0}}
PAIR_FUNCTIONAL={{0, 0, 1/810, -1/4050, 0, 7/180, 0, 0, 91/60, -96/25, 0, 0, -17/12, 17/60, 91/60, 224/5, -13/30, -511/20, 18/5, -3807/5, 0, 0, 9/2, -9/10, -7/10, -588/5, 1/5, 741/10, -216/5, 9234/5, 0, 0, 0, 0, 0, 0, 0, 0, 0, 0}}
COMPLETE_DEFECT_DUAL={{2/27, 1, 0, 0, 0, 0, 0, 0, 0, 0, 0, 0}, {-1/81, 0, 1, 0, 0, 0, 0, 0, 0, 0, 0, 0}, {-1/300105, 0, 0, 17/4446, -1/171, -511/1482, -3/247, 2/741, 1, 0, 0, 0}, {167/2160756, 0, 0, -8761/160056, -1141/6156, 177215/53352, -53/2223, -159/494, 0, 2/27, 1, 0}, {-83/8102835, 0, 0, 88/60021, -7/4617, -2558/20007, -2/6669, -1/247, 0, -1/81, 0, 1}}
COMPLETE_PAIR_FUNCTIONALS={{0, 0, -10/27, 2/27, -7/2, -35/3, 1, 0, 31, 342, 0, 0, 0, 0, 0, 0, 0, 0, 0, 0, 0, 0, 0, 0, 0, 0, 0, 0, 0, 0, 0, 0, 0, 0, 0, 0, 0, 0, 0, 0}, {0, 0, 5/81, -1/81, 0, -14/9, 0, 1, -2/3, 24, 0, 0, 0, 0, 0, 0, 0, 0, 0, 0, 0, 0, 0, 0, 0, 0, 0, 0, 0, 0, 0, 0, 0, 0, 0, 0, 0, 0, 0, 0}, {0, 0, 1/60021, -1/300105, 0, 7/13338, 0, 0, 7/342, -64/1235, 0, 0, -85/4446, 17/4446, 7/342, 448/741, -1/171, -511/1482, 12/247, -2538/247, 0, 0, 15/247, -3/247, -7/741, -392/247, 2/741, 1, -144/247, 324/13, 0, 0, 0, 0, 0, 0, 0, 0, 0, 0}, {0, 0, -835/2160756, 167/2160756, 0, -5845/480168, 0, 0, -17939/61560, -36221/44460, 0, 0, 43805/160056, -8761/160056, 7987/12312, -40075/13338, -1141/6156, 177215/53352, -11797/1482, 8067/494, 0, 0, 265/2223, -53/2223, 1113/988, 1855/494, -159/494, 0, -4929/494, -1431/13, 0, 0, -10/27, 2/27, -7/2, -35/3, 1, 0, 31, 342}, {0, 0, 83/1620567, -83/8102835, 0, 581/360126, 0, 0, 34/4617, -1607/33345, 0, 0, -440/60021, 88/60021, 49/9234, 4333/20007, -7/4617, -2558/20007, 85/2223, -886/247, 0, 0, 10/6669, -2/6669, 7/494, 35/741, -1/247, 0, -31/247, -18/13, 0, 0, 5/81, -1/81, 0, -14/9, 0, 1, -2/3, 24}}
POINT=0 LOCATION={-4, 4} PAIR_LOCAL_DIMENSION=12 PSI_JET_BOUND=10 LAMBDA_BOUND=8 ADJOINT_RANK=45 AUGMENTED_RANK=45
LOCAL_PSI_MOMENTS={{0, 0, 0, 0, 0, 0, 0, 0, 0, 0, 0, 0, 0, 0, 0, 0, 0, 0, 0, 0}, {0, 0, 0, 0, 0, 0, 0, 0, 0, 0, 0, 0, 0, 0, 0, 0, 0, 0, 0, 0}, {0, 0, 0, 0, 0, 0, 0, 0, 0, 0, 0, 0, 0, 0, 0, 0, 0, 0, 0, 0}, {0, 0, 0, 0, 0, 0, 0, 0, 0, 0, 0, 0, 0, 0, 0, 0, 0, 0, 0, 0}, {0, 0, 0, 0, 0, 0, 0, 0, 0, 0, 0, 0, 0, 0, 0, 0, 0, 0, 0, 0}, {0, 0, 0, 0, 0, 0, 0, 0, 0, 0, 0, 0, 0, 0, 0, 0, 0, 0, 0, 0}, {0, 0, 0, 0, 0, 0, 0, 0, 0, 0, 0, 0, 0, 0, 0, 0, 0, 0, 0, 0}, {0, 0, 0, 0, 0, 0, 0, 0, 0, 0, 0, 0, 0, 0, 0, 0, 0, 0, 0, 0}, {0, 0, 0, 0, 0, 0, 0, 0, 0, 0, 0, 0, 0, 0, 0, 0, 0, 0, 0, 0}, {0, 0, 0, 0, 0, 0, 0, 0, 0, 0, 0, 0, 0, 0, 0, 0, 0, 0, 0, 0}, {0, 0, 0, 0, 0, 0, 0, 0, 0, 0, 0, 0, 0, 0, 0, 0, 0, 0, 0, 0}, {0, 0, 0, 0, 0, 0, 0, 0, 0, 0, 0, 0, 0, 0, 0, 0, 0, 0, 0, 0}, {0, 0, 0, 0, 0, 0, 0, 0, 0, 0, 0, 0, 0, 0, 0, 0, 0, 0, 0, 0}, {0, 0, 0, 0, 0, 0, 0, 0, 0, 0, 0, 0, 0, 0, 0, 0, 0, 0, 0, 0}, {0, 0, 0, 0, 0, 0, 0, 0, 0, 0, 0, 0, 0, 0, 0, 0, 0, 0, 0, 0}, {0, 0, 0, 0, 0, 0, 0, 0, 0, 0, 0, 0, 0, 0, 0, 0, 0, 0, 0, 0}, {0, 0, 0, 0, 0, 0, 0, 0, 0, 0, 0, 0, 0, 0, 0, 0, 0, 0, 0, 0}, {0, 0, 0, 0, 0, 0, 0, 0, 0, 0, 0, 0, 0, 0, 0, 0, 0, 0, 0, 0}, {0, 0, 0, 0, 0, 0, 0, 0, 0, 0, 0, 0, 0, 0, 0, 0, 0, 0, 0, 0}, {0, 0, 0, 0, 0, 0, 0, 0, 0, 0, 0, 0, 0, 0, 0, 0, 0, 0, 0, 0}, {0, 0, 0, 0, 0, 0, 0, 0, 0, 0, 0, 0, 0, 0, 0, 0, 0, 0, 0, 0}, {0, 0, 0, 0, 0, 0, 0, 0, 0, 0, 0, 0, 0, 0, 0, 0, 0, 0, 0, 0}, {0, 0, 0, 0, 0, 0, 0, 0, 0, 0, 0, 0, 0, 0, 0, 0, 0, 0, 0, 0}, {0, 0, 0, 0, 0, 0, 0, 0, 0, 0, 0, 0, 0, 0, 0, 0, 0, 0, 0, 0}, {0, 0, 0, 0, 0, 0, 0, 0, 0, 0, 0, 0, 0, 0, 0, 0, 0, 0, 0, 0}, {0, 0, 0, 0, 0, 0, 0, 0, 0, 0, 0, 0, 0, 0, 0, 0, 0, 0, 0, 0}, {0, 0, 0, 0, 0, 0, 0, 0, 0, 0, 0, 0, 0, 0, 0, 0, 0, 0, 0, 0}, {0, 0, 0, 0, 0, 0, 0, 0, 0, 0, 0, 0, 0, 0, 0, 0, 0, 0, 0, 0}, {0, 0, 0, 0, 0, 0, 0, 0, 0, 0, 0, 0, 0, 0, 0, 0, 0, 0, 0, 0}, {0, 0, 0, 0, 0, 0, 0, 0, 0, 0, 0, 0, 0, 0, 0, 0, 0, 0, 0, 0}, {0, 0, 0, 0, 0, 0, 0, 0, 0, 0, 0, 0, 0, 0, 0, 0, 0, 0, 0, 0}, {0, 0, 0, 0, 0, 0, 0, 0, 0, 0, 0, 0, 0, 0, 0, 0, 0, 0, 0, 0}, {0, 0, 0, 0, 0, 0, 0, 0, 0, 0, 0, 0, 0, 0, 0, 0, 0, 0, 0, 0}, {0, 0, 0, 0, 0, 0, 0, 0, 0, 0, 0, 0, 0, 0, 0, 0, 0, 0, 0, 0}, {0, 0, 0, 0, 0, 0, 0, 0, 0, 0, 0, 0, 0, 0, 0, 0, 0, 0, 0, 0}, {0, 0, 0, 0, 0, 0, 0, 0, 0, 0, 0, 0, 0, 0, 0, 0, 0, 0, 0, 0}, {0, 0, 0, 0, 0, 0, 0, 0, 0, 0, 0, 0, 0, 0, 0, 0, 0, 0, 0, 0}, {0, 0, 0, 0, 0, 0, 0, 0, 0, 0, 0, 0, 0, 0, 0, 0, 0, 0, 0, 0}, {0, 0, 0, 0, 0, 0, 0, 0, 0, 0, 0, 0, 0, 0, 0, 0, 0, 0, 0, 0}, {0, 0, 0, 0, 0, 0, 0, 0, 0, 0, 0, 0, 0, 0, 0, 0, 0, 0, 0, 0}, {0, 0, 0, 0, 0, 0, 0, 0, 0, 0, 0, 0, 0, 0, 0, 0, 0, 0, 0, 0}, {0, 0, 0, 0, 0, 0, 0, 0, 0, 0, 0, 0, 0, 0, 0, 0, 0, 0, 0, 0}, {0, 0, 0, 0, 0, 0, 0, 0, 0, 0, 0, 0, 0, 0, 0, 0, 0, 0, 0, 0}, {0, 0, 0, 0, 0, 0, 0, 0, 0, 0, 0, 0, 0, 0, 0, 0, 0, 0, 0, 0}, {0, 0, 0, 0, 0, 0, 0, 0, 0, 0, 0, 0, 0, 0, 0, 0, 0, 0, 0, 0}, {0, 0, 0, 0, 0, 0, 0, 0, 0, 0, 0, 0, 0, 0, 0, 0, 0, 0, 0, 0}, {0, 0, 0, 0, 0, 0, 0, 0, 0, 0, 0, 0, 0, 0, 0, 0, 0, 0, 0, 0}, {0, 0, 0, 0, 0, 0, 0, 0, 0, 0, 0, 0, 0, 0, 0, 0, 0, 0, 0, 0}, {0, 0, 0, 0, 0, 0, 0, 0, 0, 0, 0, 0, 0, 0, 0, 0, 0, 0, 0, 0}, {0, 0, 0, 0, 0, 0, 0, 0, 0, 0, 0, 0, 0, 0, 0, 0, 0, 0, 0, 0}, {0, 0, 0, 0, 0, 0, 0, 0, 0, 0, 0, 0, 0, 0, 0, 0, 0, 0, 0, 0}, {0, 0, 0, 0, 0, 0, 0, 0, 0, 0, 0, 0, 0, 0, 0, 0, 0, 0, 0, 0}, {0, 0, 0, 0, 0, 0, 0, 0, 0, 0, 0, 0, 0, 0, 0, 0, 0, 0, 0, 0}, {0, 0, 0, 0, 0, 0, 0, 0, 0, 0, 0, 0, 0, 0, 0, 0, 0, 0, 0, 0}, {0, 0, 0, 0, 0, 0, 0, 0, 0, 0, 0, 0, 0, 0, 0, 0, 0, 0, 0, 0}, {0, 0, 0, 0, 0, 0, 0, 0, 0, 0, 0, 0, 0, 0, 0, 0, 0, 0, 0, 0}, {0, 0, 0, 0, 0, 0, 0, 0, 0, 0, 0, 0, 0, 0, 0, 0, 0, 0, 0, 0}, {0, 0, 0, 0, 0, 0, 0, 0, 0, 0, 0, 0, 0, 0, 0, 0, 0, 0, 0, 0}, {0, 0, 0, 0, 0, 0, 0, 0, 0, 0, 0, 0, 0, 0, 0, 0, 0, 0, 0, 0}, {0, 0, 0, 0, 0, 0, 0, 0, 0, 0, 0, 0, 0, 0, 0, 0, 0, 0, 0, 0}, {0, 0, 0, 0, 0, 0, 0, 0, 0, 0, 0, 0, 0, 0, 0, 0, 0, 0, 0, 0}, {0, 0, 0, 0, 0, 0, 0, 0, 0, 0, 0, 0, 0, 0, 0, 0, 0, 0, 0, 0}, {0, 0, 0, 0, 0, 0, 0, 0, 0, 0, 0, 0, 0, 0, 0, 0, 0, 0, 0, 0}, {0, 0, 0, 0, 0, 0, 0, 0, 0, 0, 0, 0, 0, 0, 0, 0, 0, 0, 0, 0}, {0, 0, 0, 0, 0, 0, 0, 0, 0, 0, 0, 0, 0, 0, 0, 0, 0, 0, 0, 0}, {0, 0, 0, 0, 0, 0, 0, 0, 0, 0, 0, 0, 0, 0, 0, 0, 0, 0, 0, 0}}
FINITE_JET_SOLUTION={{0, 0, 0, 0, 0, 0, 0, 0, 0, 0, 0, 0, 0, 0, 0, 0, 0, 0, 0, 0}, {0, 0, 0, 0, 0, 0, 0, 0, 0, 0, 0, 0, 0, 0, 0, 0, 0, 0, 0, 0}, {0, 0, 0, 0, 0, 0, 0, 0, 0, 0, 0, 0, 0, 0, 0, 0, 0, 0, 0, 0}, {0, 0, 0, 0, 0, 0, 0, 0, 0, 0, 0, 0, 0, 0, 0, 0, 0, 0, 0, 0}, {0, 0, 0, 0, 0, 0, 0, 0, 0, 0, 0, 0, 0, 0, 0, 0, 0, 0, 0, 0}, {0, 0, 0, 0, 0, 0, 0, 0, 0, 0, 0, 0, 0, 0, 0, 0, 0, 0, 0, 0}, {0, 0, 0, 0, 0, 0, 0, 0, 0, 0, 0, 0, 0, 0, 0, 0, 0, 0, 0, 0}, {0, 0, 0, 0, 0, 0, 0, 0, 0, 0, 0, 0, 0, 0, 0, 0, 0, 0, 0, 0}, {0, 0, 0, 0, 0, 0, 0, 0, 0, 0, 0, 0, 0, 0, 0, 0, 0, 0, 0, 0}, {0, 0, 0, 0, 0, 0, 0, 0, 0, 0, 0, 0, 0, 0, 0, 0, 0, 0, 0, 0}, {0, 0, 0, 0, 0, 0, 0, 0, 0, 0, 0, 0, 0, 0, 0, 0, 0, 0, 0, 0}, {0, 0, 0, 0, 0, 0, 0, 0, 0, 0, 0, 0, 0, 0, 0, 0, 0, 0, 0, 0}, {0, 0, 0, 0, 0, 0, 0, 0, 0, 0, 0, 0, 0, 0, 0, 0, 0, 0, 0, 0}, {0, 0, 0, 0, 0, 0, 0, 0, 0, 0, 0, 0, 0, 0, 0, 0, 0, 0, 0, 0}, {0, 0, 0, 0, 0, 0, 0, 0, 0, 0, 0, 0, 0, 0, 0, 0, 0, 0, 0, 0}, {0, 0, 0, 0, 0, 0, 0, 0, 0, 0, 0, 0, 0, 0, 0, 0, 0, 0, 0, 0}, {0, 0, 0, 0, 0, 0, 0, 0, 0, 0, 0, 0, 0, 0, 0, 0, 0, 0, 0, 0}, {0, 0, 0, 0, 0, 0, 0, 0, 0, 0, 0, 0, 0, 0, 0, 0, 0, 0, 0, 0}, {0, 0, 0, 0, 0, 0, 0, 0, 0, 0, 0, 0, 0, 0, 0, 0, 0, 0, 0, 0}, {0, 0, 0, 0, 0, 0, 0, 0, 0, 0, 0, 0, 0, 0, 0, 0, 0, 0, 0, 0}, {0, 0, 0, 0, 0, 0, 0, 0, 0, 0, 0, 0, 0, 0, 0, 0, 0, 0, 0, 0}, {0, 0, 0, 0, 0, 0, 0, 0, 0, 0, 0, 0, 0, 0, 0, 0, 0, 0, 0, 0}, {0, 0, 0, 0, 0, 0, 0, 0, 0, 0, 0, 0, 0, 0, 0, 0, 0, 0, 0, 0}, {0, 0, 0, 0, 0, 0, 0, 0, 0, 0, 0, 0, 0, 0, 0, 0, 0, 0, 0, 0}, {0, 0, 0, 0, 0, 0, 0, 0, 0, 0, 0, 0, 0, 0, 0, 0, 0, 0, 0, 0}, {0, 0, 0, 0, 0, 0, 0, 0, 0, 0, 0, 0, 0, 0, 0, 0, 0, 0, 0, 0}, {0, 0, 0, 0, 0, 0, 0, 0, 0, 0, 0, 0, 0, 0, 0, 0, 0, 0, 0, 0}, {0, 0, 0, 0, 0, 0, 0, 0, 0, 0, 0, 0, 0, 0, 0, 0, 0, 0, 0, 0}, {0, 0, 0, 0, 0, 0, 0, 0, 0, 0, 0, 0, 0, 0, 0, 0, 0, 0, 0, 0}, {0, 0, 0, 0, 0, 0, 0, 0, 0, 0, 0, 0, 0, 0, 0, 0, 0, 0, 0, 0}, {0, 0, 0, 0, 0, 0, 0, 0, 0, 0, 0, 0, 0, 0, 0, 0, 0, 0, 0, 0}, {0, 0, 0, 0, 0, 0, 0, 0, 0, 0, 0, 0, 0, 0, 0, 0, 0, 0, 0, 0}, {0, 0, 0, 0, 0, 0, 0, 0, 0, 0, 0, 0, 0, 0, 0, 0, 0, 0, 0, 0}, {0, 0, 0, 0, 0, 0, 0, 0, 0, 0, 0, 0, 0, 0, 0, 0, 0, 0, 0, 0}, {0, 0, 0, 0, 0, 0, 0, 0, 0, 0, 0, 0, 0, 0, 0, 0, 0, 0, 0, 0}, {0, 0, 0, 0, 0, 0, 0, 0, 0, 0, 0, 0, 0, 0, 0, 0, 0, 0, 0, 0}, {0, 0, 0, 0, 0, 0, 0, 0, 0, 0, 0, 0, 0, 0, 0, 0, 0, 0, 0, 0}, {0, 0, 0, 0, 0, 0, 0, 0, 0, 0, 0, 0, 0, 0, 0, 0, 0, 0, 0, 0}, {0, 0, 0, 0, 0, 0, 0, 0, 0, 0, 0, 0, 0, 0, 0, 0, 0, 0, 0, 0}, {0, 0, 0, 0, 0, 0, 0, 0, 0, 0, 0, 0, 0, 0, 0, 0, 0, 0, 0, 0}, {0, 0, 0, 0, 0, 0, 0, 0, 0, 0, 0, 0, 0, 0, 0, 0, 0, 0, 0, 0}, {0, 0, 0, 0, 0, 0, 0, 0, 0, 0, 0, 0, 0, 0, 0, 0, 0, 0, 0, 0}, {0, 0, 0, 0, 0, 0, 0, 0, 0, 0, 0, 0, 0, 0, 0, 0, 0, 0, 0, 0}, {0, 0, 0, 0, 0, 0, 0, 0, 0, 0, 0, 0, 0, 0, 0, 0, 0, 0, 0, 0}, {0, 0, 0, 0, 0, 0, 0, 0, 0, 0, 0, 0, 0, 0, 0, 0, 0, 0, 0, 0}}
ALL_FUNCTIONALS_JET_ORDERS_by_parameter_component={-1, -1, -1, -1}
POINT=1 LOCATION={1, -6} PAIR_LOCAL_DIMENSION=24 PSI_JET_BOUND=8 LAMBDA_BOUND=6 ADJOINT_RANK=28 AUGMENTED_RANK=28
LOCAL_PSI_MOMENTS={{0, 0, 0, 0, 0, 0, 0, 0, 0, 0, 0, 0, 0, 0, 0, 0, 0, 0, 0, 0}, {-10/27, 0, 0, 0, 5/81, 0, 0, 0, 1/60021, -85/4446, 15/247, 0, -835/2160756, 43805/160056, 265/2223, -10/27, 83/1620567, -440/60021, 10/6669, 5/81}, {0, 0, 0, 0, 0, 0, 0, 0, 0, 0, 0, 0, 0, 0, 0, 0, 0, 0, 0, 0}, {-145/9, 0, 0, 0, -22/27, 0, 0, 0, 29/40014, 278/741, -212/247, 0, -24215/1440504, 1865/6669, 7685/1482, -145/9, 2407/1080378, 2573/20007, 145/2223, -22/27}, {-169/54, 0, 0, 0, -5/81, 0, 0, 0, -1/60021, 88/2223, -4/57, 0, 835/2160756, 30013/80028, 689/684, -169/54, -83/1620567, 1517/120042, 13/1026, -5/81}, {-8/27, 0, 0, 0, 4/81, 0, 0, 0, 4/300105, -34/2223, 12/247, 0, -167/540189, 8761/40014, 212/2223, -8/27, 332/8102835, -352/60021, 8/6669, 4/81}, {92, 0, 0, 0, 8/3, 0, 0, 0, -451/11115, -360/247, 720/247, 0, -107591/100035, -2024/247, -7314/247, 92, -4088/300105, -356/741, -92/247, 8/3}, {46/9, 0, 0, 0, 4/27, 0, 0, 0, 395/20007, -20/247, 40/247, 0, -494447/1800630, -1012/2223, -1219/741, 46/9, 5549/1080378, -178/6669, -46/2223, 4/27}, {-184/27, 0, 0, 0, -16/81, 0, 0, 0, 373/600210, 80/741, -160/741, 0, -62291/4321512, 4048/6669, 4876/2223, -184/27, 30959/16205670, 712/20007, 184/6669, -16/81}, {-46/9, 0, 0, 0, -4/27, 0, 0, 0, -4/100035, 20/247, -40/247, 0, 167/180063, 1012/2223, 1219/741, -46/9, -332/2700945, 178/6669, 46/2223, -4/27}, {0, 0, 0, 0, 0, 0, 0, 0, 504/1235, 0, 0, 0, -4681/11115, 0, 0, 0, -5098/33345, 0, 0, 0}, {0, 0, 0, 0, 0, 0, 0, 0, -4/19, 0, 0, 0, 149/10260, 0, 0, 0, -187/3078, 0, 0, 0}, {0, 0, 0, 0, 0, 0, 0, 0, -58/3705, 0, 0, 0, -16421/33345, 0, 0, 0, -1109/100035, 0, 0, 0}, {0, 0, 0, 0, 0, 0, 0, 0, 224/11115, 0, 0, 0, -108247/400140, 0, 0, 0, 1369/600210, 0, 0, 0}, {0, 0, 0, 0, 0, 0, 0, 0, 4/3705, 0, 0, 0, -167/6669, 0, 0, 0, 332/100035, 0, 0, 0}, {0, 0, 0, 0, 0, 0, 0, 0, -288/247, 0, 0, 0, 26956/741, 0, 0, 0, 1912/2223, 0, 0, 0}, {0, 0, 0, 0, 0, 0, 0, 0, 144/247, 0, 0, 0, 5014/2223, 0, 0, 0, 1084/6669, 0, 0, 0}, {0, 0, 0, 0, 0, 0, 0, 0, 8/247, 0, 0, 0, -1058/6669, 0, 0, 0, 16/20007, 0, 0, 0}, {0, 0, 0, 0, 0, 0, 0, 0, -4/57, 0, 0, 0, -115/513, 0, 0, 0, -28/1539, 0, 0, 0}, {0, 0, 0, 0, 0, 0, 0, 0, -32/2223, 0, 0, 0, -6164/20007, 0, 0, 0, -680/60021, 0, 0, 0}, {0, 0, 0, 0, 0, 0, 0, 0, 56/2223, 0, 0, 0, -6256/20007, 0, 0, 0, -292/60021, 0, 0, 0}, {0, 0, 0, 0, 0, 0, 0, 0, 0, 0, 0, 0, 0, 0, 0, 0, 0, 0, 0, 0}, {0, 0, 0, 0, 0, 0, 0, 0, 0, 0, 0, 0, 0, 0, 0, 0, 0, 0, 0, 0}, {0, 0, 0, 0, 0, 0, 0, 0, 0, 0, 0, 0, 0, 0, 0, 0, 0, 0, 0, 0}, {0, 0, 0, 0, 0, 0, 0, 0, 0, 0, 0, 0, 0, 0, 0, 0, 0, 0, 0, 0}, {0, 0, 0, 0, 0, 0, 0, 0, 0, 0, 0, 0, 0, 0, 0, 0, 0, 0, 0, 0}, {0, 0, 0, 0, 0, 0, 0, 0, 0, 0, 0, 0, 0, 0, 0, 0, 0, 0, 0, 0}, {0, 0, 0, 0, 0, 0, 0, 0, 0, 0, 0, 0, 0, 0, 0, 0, 0, 0, 0, 0}, {0, 0, 0, 0, 0, 0, 0, 0, 0, 0, 0, 0, 0, 0, 0, 0, 0, 0, 0, 0}, {0, 0, 0, 0, 0, 0, 0, 0, 0, 0, 0, 0, 0, 0, 0, 0, 0, 0, 0, 0}, {0, 0, 0, 0, 0, 0, 0, 0, 0, 0, 0, 0, 0, 0, 0, 0, 0, 0, 0, 0}, {0, 0, 0, 0, 0, 0, 0, 0, 0, 0, 0, 0, 0, 0, 0, 0, 0, 0, 0, 0}, {0, 0, 0, 0, 0, 0, 0, 0, 0, 0, 0, 0, 0, 0, 0, 0, 0, 0, 0, 0}, {0, 0, 0, 0, 0, 0, 0, 0, 0, 0, 0, 0, 0, 0, 0, 0, 0, 0, 0, 0}, {0, 0, 0, 0, 0, 0, 0, 0, 0, 0, 0, 0, 0, 0, 0, 0, 0, 0, 0, 0}, {0, 0, 0, 0, 0, 0, 0, 0, 0, 0, 0, 0, 0, 0, 0, 0, 0, 0, 0, 0}, {0, 0, 0, 0, 0, 0, 0, 0, 0, 0, 0, 0, 0, 0, 0, 0, 0, 0, 0, 0}, {0, 0, 0, 0, 0, 0, 0, 0, 0, 0, 0, 0, 0, 0, 0, 0, 0, 0, 0, 0}, {0, 0, 0, 0, 0, 0, 0, 0, 0, 0, 0, 0, 0, 0, 0, 0, 0, 0, 0, 0}, {0, 0, 0, 0, 0, 0, 0, 0, 0, 0, 0, 0, 0, 0, 0, 0, 0, 0, 0, 0}, {0, 0, 0, 0, 0, 0, 0, 0, 0, 0, 0, 0, 0, 0, 0, 0, 0, 0, 0, 0}, {0, 0, 0, 0, 0, 0, 0, 0, 0, 0, 0, 0, 0, 0, 0, 0, 0, 0, 0, 0}, {0, 0, 0, 0, 0, 0, 0, 0, 0, 0, 0, 0, 0, 0, 0, 0, 0, 0, 0, 0}, {0, 0, 0, 0, 0, 0, 0, 0, 0, 0, 0, 0, 0, 0, 0, 0, 0, 0, 0, 0}, {0, 0, 0, 0, 0, 0, 0, 0, 0, 0, 0, 0, 0, 0, 0, 0, 0, 0, 0, 0}}
FINITE_JET_SOLUTION={{-4/27, 0, 0, 0, 2/81, 0, 0, 0, 2/300105, -17/2223, 6/247, 0, -167/1080378, 8761/80028, 106/2223, -4/27, 166/8102835, -176/60021, 4/6669, 2/81}, {-23/9, 0, 0, 0, -2/27, 0, 0, 0, 23/200070, 10/247, -20/247, 0, -3841/1440504, 506/2223, 1219/1482, -23/9, 1909/5401890, 89/6669, 23/2223, -2/27}, {-23/27, 0, 0, 0, -2/81, 0, 0, 0, -2/300105, 10/741, -20/741, 0, 167/1080378, 506/6669, 1219/4446, -23/27, -166/8102835, 89/20007, 23/6669, -2/81}, {0, 0, 0, 0, 0, 0, 0, 0, -2/741, 0, 0, 0, -8681/100035, 0, 0, 0, -4/60021, 0, 0, 0}, {0, 0, 0, 0, 0, 0, 0, 0, 8/3705, 0, 0, 0, -1321/44460, 0, 0, 0, 31/66690, 0, 0, 0}, {0, 0, 0, 0, 0, 0, 0, 0, 1/11115, 0, 0, 0, -167/80028, 0, 0, 0, 83/300105, 0, 0, 0}, {0, 0, 0, 0, 0, 0, 0, 0, 12/1235, 0, 0, 0, -6739/22230, 0, 0, 0, -239/33345, 0, 0, 0}, {0, 0, 0, 0, 0, 0, 0, 0, -28/3705, 0, 0, 0, -9637/200070, 0, 0, 0, -797/300105, 0, 0, 0}, {0, 0, 0, 0, 0, 0, 0, 0, -2/1235, 0, 0, 0, -2047/100035, 0, 0, 0, -259/300105, 0, 0, 0}, {0, 0, 0, 0, 0, 0, 0, 0, 14/11115, 0, 0, 0, -1564/100035, 0, 0, 0, -73/300105, 0, 0, 0}, {0, 0, 0, 0, 0, 0, 0, 0, 0, 0, 0, 0, 0, 0, 0, 0, 0, 0, 0, 0}, {0, 0, 0, 0, 0, 0, 0, 0, 0, 0, 0, 0, 0, 0, 0, 0, 0, 0, 0, 0}, {0, 0, 0, 0, 0, 0, 0, 0, 0, 0, 0, 0, 0, 0, 0, 0, 0, 0, 0, 0}, {0, 0, 0, 0, 0, 0, 0, 0, 0, 0, 0, 0, 0, 0, 0, 0, 0, 0, 0, 0}, {0, 0, 0, 0, 0, 0, 0, 0, 0, 0, 0, 0, 0, 0, 0, 0, 0, 0, 0, 0}, {0, 0, 0, 0, 0, 0, 0, 0, 0, 0, 0, 0, 0, 0, 0, 0, 0, 0, 0, 0}, {0, 0, 0, 0, 0, 0, 0, 0, 0, 0, 0, 0, 0, 0, 0, 0, 0, 0, 0, 0}, {0, 0, 0, 0, 0, 0, 0, 0, 0, 0, 0, 0, 0, 0, 0, 0, 0, 0, 0, 0}, {0, 0, 0, 0, 0, 0, 0, 0, 0, 0, 0, 0, 0, 0, 0, 0, 0, 0, 0, 0}, {0, 0, 0, 0, 0, 0, 0, 0, 0, 0, 0, 0, 0, 0, 0, 0, 0, 0, 0, 0}, {0, 0, 0, 0, 0, 0, 0, 0, 0, 0, 0, 0, 0, 0, 0, 0, 0, 0, 0, 0}, {0, 0, 0, 0, 0, 0, 0, 0, 0, 0, 0, 0, 0, 0, 0, 0, 0, 0, 0, 0}, {0, 0, 0, 0, 0, 0, 0, 0, 0, 0, 0, 0, 0, 0, 0, 0, 0, 0, 0, 0}, {0, 0, 0, 0, 0, 0, 0, 0, 0, 0, 0, 0, 0, 0, 0, 0, 0, 0, 0, 0}, {0, 0, 0, 0, 0, 0, 0, 0, 0, 0, 0, 0, 0, 0, 0, 0, 0, 0, 0, 0}, {0, 0, 0, 0, 0, 0, 0, 0, 0, 0, 0, 0, 0, 0, 0, 0, 0, 0, 0, 0}, {0, 0, 0, 0, 0, 0, 0, 0, 0, 0, 0, 0, 0, 0, 0, 0, 0, 0, 0, 0}, {0, 0, 0, 0, 0, 0, 0, 0, 0, 0, 0, 0, 0, 0, 0, 0, 0, 0, 0, 0}}
ALL_FUNCTIONALS_JET_ORDERS_by_parameter_component={3, 1, 1, 1}
POINT=2 LOCATION={6, 9} PAIR_LOCAL_DIMENSION=4 PSI_JET_BOUND=6 LAMBDA_BOUND=4 ADJOINT_RANK=15 AUGMENTED_RANK=15
LOCAL_PSI_MOMENTS={{0, 0, 0, 0, 0, 0, 0, 0, 0, 0, 0, 0, 0, 0, 0, 0, 0, 0, 0, 0}, {0, 0, 0, 0, 0, 0, 0, 0, 0, 0, 0, 0, 0, 0, 0, 0, 0, 0, 0, 0}, {0, 0, 0, 0, 0, 0, 0, 0, 0, 0, 0, 0, 0, 0, 0, 0, 0, 0, 0, 0}, {0, 0, 0, 0, 0, 0, 0, 0, 0, 0, 0, 0, 0, 0, 0, 0, 0, 0, 0, 0}, {0, 0, 0, 0, 0, 0, 0, 0, 0, 0, 0, 0, 0, 0, 0, 0, 0, 0, 0, 0}, {0, 0, 0, 0, 0, 0, 0, 0, 0, 0, 0, 0, 0, 0, 0, 0, 0, 0, 0, 0}, {0, 0, 0, 0, 0, 0, 0, 0, 0, 0, 0, 0, 0, 0, 0, 0, 0, 0, 0, 0}, {0, 0, 0, 0, 0, 0, 0, 0, 0, 0, 0, 0, 0, 0, 0, 0, 0, 0, 0, 0}, {0, 0, 0, 0, 0, 0, 0, 0, 0, 0, 0, 0, 0, 0, 0, 0, 0, 0, 0, 0}, {0, 0, 0, 0, 0, 0, 0, 0, 0, 0, 0, 0, 0, 0, 0, 0, 0, 0, 0, 0}, {0, 0, 0, 0, 0, 0, 0, 0, 0, 0, 0, 0, 0, 0, 0, 0, 0, 0, 0, 0}, {0, 0, 0, 0, 0, 0, 0, 0, 0, 0, 0, 0, 0, 0, 0, 0, 0, 0, 0, 0}, {0, 0, 0, 0, 0, 0, 0, 0, 0, 0, 0, 0, 0, 0, 0, 0, 0, 0, 0, 0}, {0, 0, 0, 0, 0, 0, 0, 0, 0, 0, 0, 0, 0, 0, 0, 0, 0, 0, 0, 0}, {0, 0, 0, 0, 0, 0, 0, 0, 0, 0, 0, 0, 0, 0, 0, 0, 0, 0, 0, 0}, {0, 0, 0, 0, 0, 0, 0, 0, 0, 0, 0, 0, 0, 0, 0, 0, 0, 0, 0, 0}, {0, 0, 0, 0, 0, 0, 0, 0, 0, 0, 0, 0, 0, 0, 0, 0, 0, 0, 0, 0}, {0, 0, 0, 0, 0, 0, 0, 0, 0, 0, 0, 0, 0, 0, 0, 0, 0, 0, 0, 0}, {0, 0, 0, 0, 0, 0, 0, 0, 0, 0, 0, 0, 0, 0, 0, 0, 0, 0, 0, 0}, {0, 0, 0, 0, 0, 0, 0, 0, 0, 0, 0, 0, 0, 0, 0, 0, 0, 0, 0, 0}, {0, 0, 0, 0, 0, 0, 0, 0, 0, 0, 0, 0, 0, 0, 0, 0, 0, 0, 0, 0}, {0, 0, 0, 0, 0, 0, 0, 0, 0, 0, 0, 0, 0, 0, 0, 0, 0, 0, 0, 0}, {0, 0, 0, 0, 0, 0, 0, 0, 0, 0, 0, 0, 0, 0, 0, 0, 0, 0, 0, 0}, {0, 0, 0, 0, 0, 0, 0, 0, 0, 0, 0, 0, 0, 0, 0, 0, 0, 0, 0, 0}, {0, 0, 0, 0, 0, 0, 0, 0, 0, 0, 0, 0, 0, 0, 0, 0, 0, 0, 0, 0}, {0, 0, 0, 0, 0, 0, 0, 0, 0, 0, 0, 0, 0, 0, 0, 0, 0, 0, 0, 0}, {0, 0, 0, 0, 0, 0, 0, 0, 0, 0, 0, 0, 0, 0, 0, 0, 0, 0, 0, 0}, {0, 0, 0, 0, 0, 0, 0, 0, 0, 0, 0, 0, 0, 0, 0, 0, 0, 0, 0, 0}}
FINITE_JET_SOLUTION={{0, 0, 0, 0, 0, 0, 0, 0, 0, 0, 0, 0, 0, 0, 0, 0, 0, 0, 0, 0}, {0, 0, 0, 0, 0, 0, 0, 0, 0, 0, 0, 0, 0, 0, 0, 0, 0, 0, 0, 0}, {0, 0, 0, 0, 0, 0, 0, 0, 0, 0, 0, 0, 0, 0, 0, 0, 0, 0, 0, 0}, {0, 0, 0, 0, 0, 0, 0, 0, 0, 0, 0, 0, 0, 0, 0, 0, 0, 0, 0, 0}, {0, 0, 0, 0, 0, 0, 0, 0, 0, 0, 0, 0, 0, 0, 0, 0, 0, 0, 0, 0}, {0, 0, 0, 0, 0, 0, 0, 0, 0, 0, 0, 0, 0, 0, 0, 0, 0, 0, 0, 0}, {0, 0, 0, 0, 0, 0, 0, 0, 0, 0, 0, 0, 0, 0, 0, 0, 0, 0, 0, 0}, {0, 0, 0, 0, 0, 0, 0, 0, 0, 0, 0, 0, 0, 0, 0, 0, 0, 0, 0, 0}, {0, 0, 0, 0, 0, 0, 0, 0, 0, 0, 0, 0, 0, 0, 0, 0, 0, 0, 0, 0}, {0, 0, 0, 0, 0, 0, 0, 0, 0, 0, 0, 0, 0, 0, 0, 0, 0, 0, 0, 0}, {0, 0, 0, 0, 0, 0, 0, 0, 0, 0, 0, 0, 0, 0, 0, 0, 0, 0, 0, 0}, {0, 0, 0, 0, 0, 0, 0, 0, 0, 0, 0, 0, 0, 0, 0, 0, 0, 0, 0, 0}, {0, 0, 0, 0, 0, 0, 0, 0, 0, 0, 0, 0, 0, 0, 0, 0, 0, 0, 0, 0}, {0, 0, 0, 0, 0, 0, 0, 0, 0, 0, 0, 0, 0, 0, 0, 0, 0, 0, 0, 0}, {0, 0, 0, 0, 0, 0, 0, 0, 0, 0, 0, 0, 0, 0, 0, 0, 0, 0, 0, 0}}
ALL_FUNCTIONALS_JET_ORDERS_by_parameter_component={-1, -1, -1, -1}
ALL_SUPPORT_POINTS_ADMIT_FINITE_JETS=true
PASS all defect functionals kill J_T squared: constant order4 and linear-parameter order2 vanish
PASS J_T itself does not vanish: normalized eta detector equals1
FINITE_JET_DUAL_COMPLETED cpu=3.1435
