d=3 rho=2 A: 0 0 0 0 1 1 2 2 3 3 5 5 (sum 22)
d=3 rho=2 A': 0 0 0 0 1 1 2 2 3 3 5 5 (sum 22)
d=3 rho=3 A: 0 0 0 0 1 1 2 2 3 3 5 5 (sum 22)
d=3 rho=3 A': 0 0 0 0 1 1 2 2 3 3 5 5 (sum 22)
d=4 rho=2 A: 0 0 0 0 0 1 1 2 2 3 3 4 4 6 6 8 (sum 40)
d=4 rho=2 A': 0 0 0 0 0 1 1 2 2 3 3 4 4 6 6 8 (sum 40)
d=4 rho=3 A: 0 0 0 0 0 1 1 2 2 3 3 4 4 6 6 8 (sum 40)
d=4 rho=3 A': 0 0 0 0 0 1 1 2 2 3 3 4 4 6 6 8 (sum 40)
d=4 rho=4 A: 0 0 0 0 0 1 1 2 2 3 3 4 4 6 6 8 (sum 40)
d=4 rho=4 A': 0 0 0 0 0 1 1 2 2 3 3 4 4 6 6 8 (sum 40)
d=5 rho=2 A: 0 0 0 0 0 0 1 1 2 2 3 3 4 4 5 5 7 7 9 9 (sum 62)
d=5 rho=2 A': 0 0 0 0 0 0 1 1 2 2 3 3 4 4 5 5 7 7 9 9 (sum 62)
d=5 rho=3 A: 0 0 0 0 0 0 1 1 2 2 3 3 4 4 5 5 7 7 9 9 (sum 62)
d=5 rho=3 A': 0 0 0 0 0 0 1 1 2 2 3 3 4 4 5 5 7 7 9 9 (sum 62)
d=5 rho=4 A: 0 0 0 0 0 0 1 1 2 2 3 3 4 4 5 5 7 7 9 9 (sum 62)
d=5 rho=4 A': 0 0 0 0 0 0 1 1 2 2 3 3 4 4 5 5 7 7 9 9 (sum 62)
d=5 rho=5 A: 0 0 0 0 0 0 1 1 2 2 3 3 4 4 5 5 7 7 9 9 (sum 62)
d=5 rho=5 A': 0 0 0 0 0 0 1 1 2 2 3 3 4 4 5 5 7 7 9 9 (sum 62)
d=6 rho=2 A: 0 0 0 0 0 0 0 1 1 2 2 3 3 4 4 5 5 6 6 8 8 10 10 12 (sum 90)
d=6 rho=2 A': 0 0 0 0 0 0 0 1 1 2 2 3 3 4 4 5 5 6 6 8 8 10 10 12 (sum 90)
d=6 rho=3 A: 0 0 0 0 0 0 0 1 1 2 2 3 3 4 4 5 5 6 6 8 8 10 10 12 (sum 90)
d=6 rho=3 A': 0 0 0 0 0 0 0 1 1 2 2 3 3 4 4 5 5 6 6 8 8 10 10 12 (sum 90)
d=6 rho=4 A: 0 0 0 0 0 0 0 1 1 2 2 3 3 4 4 5 5 6 6 8 8 10 10 12 (sum 90)
d=6 rho=4 A': 0 0 0 0 0 0 0 1 1 2 2 3 3 4 4 5 5 6 6 8 8 10 10 12 (sum 90)
d=6 rho=5 A: 0 0 0 0 0 0 0 1 1 2 2 3 3 4 4 5 5 6 6 8 8 10 10 12 (sum 90)
d=6 rho=5 A': 0 0 0 0 0 0 0 1 1 2 2 3 3 4 4 5 5 6 6 8 8 10 10 12 (sum 90)
d=6 rho=6 A: 0 0 0 0 0 0 0 1 1 2 2 3 3 4 4 5 5 6 6 8 8 10 10 12 (sum 90)
d=6 rho=6 A': 0 0 0 0 0 0 0 1 1 2 2 3 3 4 4 5 5 6 6 8 8 10 10 12 (sum 90)
d=7 rho=2 A: 0 0 0 0 0 0 0 0 1 1 2 2 3 3 4 4 5 5 6 6 7 7 9 9 11 11 13 13 (sum 122)
d=7 rho=2 A': 0 0 0 0 0 0 0 0 1 1 2 2 3 3 4 4 5 5 6 6 7 7 9 9 11 11 13 13 (sum 122)
d=7 rho=3 A: 0 0 0 0 0 0 0 0 1 1 2 2 3 3 4 4 5 5 6 6 7 7 9 9 11 11 13 13 (sum 122)
d=7 rho=3 A': 0 0 0 0 0 0 0 0 1 1 2 2 3 3 4 4 5 5 6 6 7 7 9 9 11 11 13 13 (sum 122)
d=7 rho=4 A: 0 0 0 0 0 0 0 0 1 1 2 2 3 3 4 4 5 5 6 6 7 7 9 9 11 11 13 13 (sum 122)
d=7 rho=4 A': 0 0 0 0 0 0 0 0 1 1 2 2 3 3 4 4 5 5 6 6 7 7 9 9 11 11 13 13 (sum 122)
d=7 rho=5 A: 0 0 0 0 0 0 0 0 1 1 2 2 3 3 4 4 5 5 6 6 7 7 9 9 11 11 13 13 (sum 122)
d=7 rho=5 A': 0 0 0 0 0 0 0 0 1 1 2 2 3 3 4 4 5 5 6 6 7 7 9 9 11 11 13 13 (sum 122)
d=7 rho=6 A: 0 0 0 0 0 0 0 0 1 1 2 2 3 3 4 4 5 5 6 6 7 7 9 9 11 11 13 13 (sum 122)
d=7 rho=6 A': 0 0 0 0 0 0 0 0 1 1 2 2 3 3 4 4 5 5 6 6 7 7 9 9 11 11 13 13 (sum 122)
d=7 rho=7 A: 0 0 0 0 0 0 0 0 1 1 2 2 3 3 4 4 5 5 6 6 7 7 9 9 11 11 13 13 (sum 122)
d=7 rho=7 A': 0 0 0 0 0 0 0 0 1 1 2 2 3 3 4 4 5 5 6 6 7 7 9 9 11 11 13 13 (sum 122)
