d=1 A: 0 0 0 1 (sum 1)
d=1 A': 0 0 0 1 (sum 1)
d=2 A: 0 0 0 0 0 1 1 2 (sum 4)
d=2 A': 0 0 0 0 0 1 1 2 (sum 4)
d=3 A: 0 0 0 0 0 0 0 1 1 2 2 3 (sum 9)
d=3 A': 0 0 0 0 0 0 0 1 1 2 2 3 (sum 9)
d=4 A: 0 0 0 0 0 0 0 0 0 1 1 2 2 3 3 4 (sum 16)
d=4 A': 0 0 0 0 0 0 0 0 0 1 1 2 2 3 3 4 (sum 16)
d=5 A: 0 0 0 0 0 0 0 0 0 0 0 1 1 2 2 3 3 4 4 5 (sum 25)
d=5 A': 0 0 0 0 0 0 0 0 0 0 0 1 1 2 2 3 3 4 4 5 (sum 25)
d=6 A: 0 0 0 0 0 0 0 0 0 0 0 0 0 1 1 2 2 3 3 4 4 5 5 6 (sum 36)
d=6 A': 0 0 0 0 0 0 0 0 0 0 0 0 0 1 1 2 2 3 3 4 4 5 5 6 (sum 36)
d=7 A: 0 0 0 0 0 0 0 0 0 0 0 0 0 0 0 1 1 2 2 3 3 4 4 5 5 6 6 7 (sum 49)
d=7 A': 0 0 0 0 0 0 0 0 0 0 0 0 0 0 0 1 1 2 2 3 3 4 4 5 5 6 6 7 (sum 49)
