SIZE: five qubits, 32 basis states, 1024 Pauli labels, 32 characters
POSITIVE_STATE_COEFFICIENTS=[ 1, 1, 0, 0, 0, 0, -1, -1, 0, 0, 1, -1, 1, -1, 
  0, 0, 1, -1, 0, 0, 0, 0, 1, -1, 0, 0, -1, -1, 1, 1, 0, 0 ]
NONZERO_TENSOR_TERMS=[
  [ [ 0, 0, 0, 0, 0 ], 1 ],
  [ [ 0, 0, 0, 0, 1 ], 1 ],
  [ [ 0, 0, 1, 1, 0 ], -1 ],
  [ [ 0, 0, 1, 1, 1 ], -1 ],
  [ [ 0, 1, 0, 1, 0 ], 1 ],
  [ [ 0, 1, 0, 1, 1 ], -1 ],
  [ [ 0, 1, 1, 0, 0 ], 1 ],
  [ [ 0, 1, 1, 0, 1 ], -1 ],
  [ [ 1, 0, 0, 0, 0 ], 1 ],
  [ [ 1, 0, 0, 0, 1 ], -1 ],
  [ [ 1, 0, 1, 1, 0 ], 1 ],
  [ [ 1, 0, 1, 1, 1 ], -1 ],
  [ [ 1, 1, 0, 1, 0 ], -1 ],
  [ [ 1, 1, 0, 1, 1 ], -1 ],
  [ [ 1, 1, 1, 0, 0 ], 1 ],
  [ [ 1, 1, 1, 0, 1 ], 1 ],
]
Syntax warning: Unbound global variable in research/tools/bmd_cube_theta_tenso\
r.g:59
 character:=List(KernelGenerators,v->SymplecticBit(label,v));
                                                   ^^^^^
Syntax warning: Unbound global variable in research/tools/bmd_cube_theta_tenso\
r.g:60
 ci:=1+Sum([1..5],j->character[j]*2^(j-1));
                     ^^^^^^^^^
CHARACTER_REPRESENTATIVES=[ [ 0, 0, 0, 0, 0, 0, 0, 0, 0, 0 ], 
  [ 0, 0, 0, 0, 0, 1, 0, 0, 0, 0 ], [ 0, 0, 0, 1, 0, 1, 0, 0, 0, 0 ], 
  [ 0, 0, 0, 1, 0, 0, 0, 0, 0, 0 ], [ 1, 1, 1, 1, 0, 0, 0, 0, 0, 0 ], 
  [ 1, 1, 1, 1, 0, 1, 0, 0, 0, 0 ], [ 1, 1, 1, 0, 0, 1, 0, 0, 0, 0 ], 
  [ 1, 1, 1, 0, 0, 0, 0, 0, 0, 0 ], [ 1, 0, 0, 1, 0, 1, 0, 0, 0, 0 ], 
  [ 1, 0, 0, 1, 0, 0, 0, 0, 0, 0 ], [ 1, 0, 0, 0, 0, 0, 0, 0, 0, 0 ], 
  [ 1, 0, 0, 0, 0, 1, 0, 0, 0, 0 ], [ 0, 1, 1, 0, 0, 1, 0, 0, 0, 0 ], 
  [ 0, 1, 1, 0, 0, 0, 0, 0, 0, 0 ], [ 0, 1, 1, 1, 0, 0, 0, 0, 0, 0 ], 
  [ 0, 1, 1, 1, 0, 1, 0, 0, 0, 0 ], [ 0, 1, 0, 1, 0, 0, 0, 0, 0, 0 ], 
  [ 0, 1, 0, 1, 0, 1, 0, 0, 0, 0 ], [ 0, 1, 0, 0, 0, 1, 0, 0, 0, 0 ], 
  [ 0, 1, 0, 0, 0, 0, 0, 0, 0, 0 ], [ 1, 0, 1, 0, 0, 0, 0, 0, 0, 0 ], 
  [ 1, 0, 1, 0, 0, 1, 0, 0, 0, 0 ], [ 1, 0, 1, 1, 0, 1, 0, 0, 0, 0 ], 
  [ 1, 0, 1, 1, 0, 0, 0, 0, 0, 0 ], [ 1, 1, 0, 0, 0, 1, 0, 0, 0, 0 ], 
  [ 1, 1, 0, 0, 0, 0, 0, 0, 0, 0 ], [ 1, 1, 0, 1, 0, 0, 0, 0, 0, 0 ], 
  [ 1, 1, 0, 1, 0, 1, 0, 0, 0, 0 ], [ 0, 0, 1, 1, 0, 1, 0, 0, 0, 0 ], 
  [ 0, 0, 1, 1, 0, 0, 0, 0, 0, 0 ], [ 0, 0, 1, 0, 0, 0, 0, 0, 0, 0 ], 
  [ 0, 0, 1, 0, 0, 1, 0, 0, 0, 0 ] ]
CHARACTER_STATES=
[ [ 1, 1, 0, 0, 0, 0, -1, -1, 0, 0, 1, -1, 1, -1, 0, 0, 1, -1, 0, 0, 0, 0, 1, 
      -1, 0, 0, -1, -1, 1, 1, 0, 0 ], 
  [ 1, 1, 0, 0, 0, 0, 1, 1, 0, 0, 1, -1, -1, 1, 0, 0, 1, -1, 0, 0, 0, 0, -1, 
      1, 0, 0, -1, -1, -1, -1, 0, 0 ], 
  [ 1, 1, 0, 0, 0, 0, 1, 1, 0, 0, -1, 1, 1, -1, 0, 0, 1, -1, 0, 0, 0, 0, -1, 
      1, 0, 0, 1, 1, 1, 1, 0, 0 ], 
  [ 1, 1, 0, 0, 0, 0, -1, -1, 0, 0, -1, 1, -1, 1, 0, 0, 1, -1, 0, 0, 0, 0, 1, 
      -1, 0, 0, 1, 1, -1, -1, 0, 0 ], 
  [ 0, 0, 1, 1, -1, -1, 0, 0, 1, -1, 0, 0, 0, 0, 1, -1, 0, 0, 1, -1, 1, -1, 
      0, 0, -1, -1, 0, 0, 0, 0, 1, 1 ], 
  [ 0, 0, 1, 1, 1, 1, 0, 0, 1, -1, 0, 0, 0, 0, -1, 1, 0, 0, 1, -1, -1, 1, 0, 
      0, -1, -1, 0, 0, 0, 0, -1, -1 ], 
  [ 0, 0, E(4), E(4), E(4), E(4), 0, 0, -E(4), E(4), 0, 0, 0, 0, E(4), -E(4), 
      0, 0, E(4), -E(4), -E(4), E(4), 0, 0, E(4), E(4), 0, 0, 0, 0, E(4), 
      E(4) ], 
  [ 0, 0, E(4), E(4), -E(4), -E(4), 0, 0, -E(4), E(4), 0, 0, 0, 0, -E(4), 
      E(4), 0, 0, E(4), -E(4), E(4), -E(4), 0, 0, E(4), E(4), 0, 0, 0, 0, 
      -E(4), -E(4) ], 
  [ 1, -1, 0, 0, 0, 0, -1, 1, 0, 0, 1, 1, 1, 1, 0, 0, 1, 1, 0, 0, 0, 0, 1, 1, 
      0, 0, -1, 1, 1, -1, 0, 0 ], 
  [ 1, -1, 0, 0, 0, 0, 1, -1, 0, 0, 1, 1, -1, -1, 0, 0, 1, 1, 0, 0, 0, 0, -1, 
      -1, 0, 0, -1, 1, -1, 1, 0, 0 ], 
  [ 1, -1, 0, 0, 0, 0, 1, -1, 0, 0, -1, -1, 1, 1, 0, 0, 1, 1, 0, 0, 0, 0, -1, 
      -1, 0, 0, 1, -1, 1, -1, 0, 0 ], 
  [ 1, -1, 0, 0, 0, 0, -1, 1, 0, 0, -1, -1, -1, -1, 0, 0, 1, 1, 0, 0, 0, 0, 
      1, 1, 0, 0, 1, -1, -1, 1, 0, 0 ], 
  [ 0, 0, 1, -1, -1, 1, 0, 0, 1, 1, 0, 0, 0, 0, 1, 1, 0, 0, 1, 1, 1, 1, 0, 0, 
      -1, 1, 0, 0, 0, 0, 1, -1 ], 
  [ 0, 0, 1, -1, 1, -1, 0, 0, 1, 1, 0, 0, 0, 0, -1, -1, 0, 0, 1, 1, -1, -1, 
      0, 0, -1, 1, 0, 0, 0, 0, -1, 1 ], 
  [ 0, 0, -E(4), E(4), -E(4), E(4), 0, 0, E(4), E(4), 0, 0, 0, 0, -E(4), 
      -E(4), 0, 0, -E(4), -E(4), E(4), E(4), 0, 0, -E(4), E(4), 0, 0, 0, 0, 
      -E(4), E(4) ], 
  [ 0, 0, -E(4), E(4), E(4), -E(4), 0, 0, E(4), E(4), 0, 0, 0, 0, E(4), E(4), 
      0, 0, -E(4), -E(4), -E(4), -E(4), 0, 0, -E(4), E(4), 0, 0, 0, 0, E(4), 
      -E(4) ], 
  [ 1, 1, 0, 0, 0, 0, -1, -1, 0, 0, -1, 1, -1, 1, 0, 0, -1, 1, 0, 0, 0, 0, 
      -1, 1, 0, 0, -1, -1, 1, 1, 0, 0 ], 
  [ 1, 1, 0, 0, 0, 0, 1, 1, 0, 0, -1, 1, 1, -1, 0, 0, -1, 1, 0, 0, 0, 0, 1, 
      -1, 0, 0, -1, -1, -1, -1, 0, 0 ], 
  [ 1, 1, 0, 0, 0, 0, 1, 1, 0, 0, 1, -1, -1, 1, 0, 0, -1, 1, 0, 0, 0, 0, 1, 
      -1, 0, 0, 1, 1, 1, 1, 0, 0 ], 
  [ 1, 1, 0, 0, 0, 0, -1, -1, 0, 0, 1, -1, 1, -1, 0, 0, -1, 1, 0, 0, 0, 0, 
      -1, 1, 0, 0, 1, 1, -1, -1, 0, 0 ], 
  [ 0, 0, -1, -1, 1, 1, 0, 0, 1, -1, 0, 0, 0, 0, 1, -1, 0, 0, 1, -1, 1, -1, 
      0, 0, 1, 1, 0, 0, 0, 0, -1, -1 ], 
  [ 0, 0, -1, -1, -1, -1, 0, 0, 1, -1, 0, 0, 0, 0, -1, 1, 0, 0, 1, -1, -1, 1, 
      0, 0, 1, 1, 0, 0, 0, 0, 1, 1 ], 
  [ 0, 0, E(4), E(4), E(4), E(4), 0, 0, E(4), -E(4), 0, 0, 0, 0, -E(4), E(4), 
      0, 0, -E(4), E(4), E(4), -E(4), 0, 0, E(4), E(4), 0, 0, 0, 0, E(4), 
      E(4) ], 
  [ 0, 0, E(4), E(4), -E(4), -E(4), 0, 0, E(4), -E(4), 0, 0, 0, 0, E(4), 
      -E(4), 0, 0, -E(4), E(4), -E(4), E(4), 0, 0, E(4), E(4), 0, 0, 0, 0, 
      -E(4), -E(4) ], 
  [ -E(4), E(4), 0, 0, 0, 0, E(4), -E(4), 0, 0, E(4), E(4), E(4), E(4), 0, 0, 
      E(4), E(4), 0, 0, 0, 0, E(4), E(4), 0, 0, E(4), -E(4), -E(4), E(4), 0, 
      0 ], [ -E(4), E(4), 0, 0, 0, 0, -E(4), E(4), 0, 0, E(4), E(4), -E(4), 
      -E(4), 0, 0, E(4), E(4), 0, 0, 0, 0, -E(4), -E(4), 0, 0, E(4), -E(4), 
      E(4), -E(4), 0, 0 ], 
  [ -E(4), E(4), 0, 0, 0, 0, -E(4), E(4), 0, 0, -E(4), -E(4), E(4), E(4), 0, 
      0, E(4), E(4), 0, 0, 0, 0, -E(4), -E(4), 0, 0, -E(4), E(4), -E(4), 
      E(4), 0, 0 ], 
  [ -E(4), E(4), 0, 0, 0, 0, E(4), -E(4), 0, 0, -E(4), -E(4), -E(4), -E(4), 
      0, 0, E(4), E(4), 0, 0, 0, 0, E(4), E(4), 0, 0, -E(4), E(4), E(4), 
      -E(4), 0, 0 ], 
  [ 0, 0, -E(4), E(4), E(4), -E(4), 0, 0, E(4), E(4), 0, 0, 0, 0, E(4), E(4), 
      0, 0, E(4), E(4), E(4), E(4), 0, 0, E(4), -E(4), 0, 0, 0, 0, -E(4), 
      E(4) ], [ 0, 0, -E(4), E(4), -E(4), E(4), 0, 0, E(4), E(4), 0, 0, 0, 0, 
      -E(4), -E(4), 0, 0, E(4), E(4), -E(4), -E(4), 0, 0, E(4), -E(4), 0, 0, 
      0, 0, E(4), -E(4) ], 
  [ 0, 0, 1, -1, 1, -1, 0, 0, 1, 1, 0, 0, 0, 0, -1, -1, 0, 0, -1, -1, 1, 1, 
      0, 0, 1, -1, 0, 0, 0, 0, 1, -1 ], 
  [ 0, 0, 1, -1, -1, 1, 0, 0, 1, 1, 0, 0, 0, 0, 1, 1, 0, 0, -1, -1, -1, -1, 
      0, 0, 1, -1, 0, 0, 0, 0, -1, 1 ] ]
PROJECTOR_RANK=1 STATE_SUPPORT=16 GRAM_SCALAR=16 CHARACTER_BASIS_RANK=32
PASS all 32 characters, all 160 eigenvalue relations, full character basis; mi\
ssing-term control rejected
