21 single-form cases
[6, 10, 21, 26] l on S [2, 1, 1, 1] multipliers [[21, 26], [23, 26]]
[1, 6, 18, 26] l on S [1, 2, 1, 1] multipliers [[6, 26], [7, 26], [11, 26], [18, 26], [20, 26]]
[4, 12, 15, 20] l on S [0, 1, 1, 1] multipliers [[4, 14], [4, 19], [4, 20], [5, 9], [5, 12], [5, 14], [5, 17], [5, 19], [5, 21], [5, 22], [5, 23]]
[14, 15, 20, 21] l on S [1, 1, 1, 1] multipliers [[14, 21], [14, 23]]
[1, 17, 19, 26] l on S [1, 2, 1, 0] multipliers [[2, 13], [2, 14], [2, 15], [2, 26], [3, 12], [3, 15], [3, 17], [3, 24], [3, 25], [4, 12], [4, 15], [4, 24], [5, 12], [5, 16], [5, 17], [5, 25], [6, 16], [6, 25], [6, 26], [7, 13], [7, 15], [7, 16], [7, 17], [7, 24], [8, 12], [8, 15], [8, 16], [8, 17], [8, 24], [12, 15], [12, 22], [12, 24], [12, 25], [12, 26], [13, 16], [13, 17], [13, 19], [13, 25], [14, 15], [14, 17], [14, 19], [14, 24], [14, 25], [15, 19], [15, 22], [15, 25], [15, 26], [16, 25], [16, 26], [17, 19], [17, 22], [17, 24], [19, 24], [19, 25], [19, 26], [22, 24], [22, 25]]
[1, 3, 13, 25] l on S [1, 1, 1, 2] multipliers [[3, 13], [4, 13], [9, 13], [11, 13], [13, 25], [13, 26]]
[1, 6, 9, 26] l on S [1, 2, 1, 2] multipliers [[3, 13], [4, 13], [9, 13], [9, 26], [11, 13], [13, 25], [13, 26]]
[1, 9, 13, 26] l on S [1, 1, 1, 2] multipliers [[3, 13], [4, 13], [9, 13], [11, 13], [13, 25], [13, 26]]
[1, 9, 14, 16] l on S [1, 1, 2, 0] multipliers [[9, 15], [9, 16]]
[1, 9, 14, 24] l on S [1, 1, 2, 0] multipliers [[8, 9], [8, 13], [11, 14], [14, 24], [14, 25]]
[1, 11, 14, 17] l on S [1, 1, 2, 0] multipliers [[11, 15], [11, 17]]
[11, 14, 15, 21] l on S [1, 2, 0, 0] multipliers [[15, 21], [15, 22], [16, 21], [16, 22], [16, 23]]
