  ***   unexpected character: \Exactcellulartransferforthefiveellipticquotie
  ***                          ^---------------------------------------------
... skipping file 'research/tools/bmd_cube_theta_gluing.gp'
  ***   unexpected character: \Fixedproblem:16vertices,40edges,16faces;five8
  ***                          ^---------------------------------------------
  ***   unexpected character: \Stages:boundariesandlocallinks;integralH1;tra
  ***                          ^---------------------------------------------
  ***   unexpected character: \Noparametersweep.Topologicalmarkingsarechosen
  ***                          ^---------------------------------------------
  ***   Warning: new maximum stack size = 1000001536 (953.676 Mbytes).
STAGES boundaries; integral homology; five chain transfers; binary gluing
SIZE C4: vertices=16 edges=40 faces=16
GENUS5_EDGES=[[0, 1, 1], [2, 3, 1], [4, 5, 1], [6, 7, 1], [8, 9, 1], [10, 11, 1], [12, 13, 1], [14, 15, 1], [0, 2, 2], [1, 3, 2], [4, 6, 2], [5, 7, 2], [8, 10, 2], [9, 11, 2], [12, 14, 2], [13, 15, 2], [0, 4, 3], [1, 5, 3], [2, 6, 3], [3, 7, 3], [8, 12, 3], [9, 13, 3], [10, 14, 3], [11, 15, 3], [0, 8, 4], [1, 9, 4], [2, 10, 4], [3, 11, 4], [4, 12, 4], [5, 13, 4], [6, 14, 4], [7, 15, 4], [0, 15, 5], [1, 14, 5], [2, 13, 5], [3, 12, 5], [4, 11, 5], [5, 10, 5], [6, 9, 5], [7, 8, 5]]
GENUS5_D1=[-1, 0, 0, 0, 0, 0, 0, 0, -1, 0, 0, 0, 0, 0, 0, 0, -1, 0, 0, 0, 0, 0, 0, 0, -1, 0, 0, 0, 0, 0, 0, 0, -1, 0, 0, 0, 0, 0, 0, 0; 1, 0, 0, 0, 0, 0, 0, 0, 0, -1, 0, 0, 0, 0, 0, 0, 0, -1, 0, 0, 0, 0, 0, 0, 0, -1, 0, 0, 0, 0, 0, 0, 0, -1, 0, 0, 0, 0, 0, 0; 0, -1, 0, 0, 0, 0, 0, 0, 1, 0, 0, 0, 0, 0, 0, 0, 0, 0, -1, 0, 0, 0, 0, 0, 0, 0, -1, 0, 0, 0, 0, 0, 0, 0, -1, 0, 0, 0, 0, 0; 0, 1, 0, 0, 0, 0, 0, 0, 0, 1, 0, 0, 0, 0, 0, 0, 0, 0, 0, -1, 0, 0, 0, 0, 0, 0, 0, -1, 0, 0, 0, 0, 0, 0, 0, -1, 0, 0, 0, 0; 0, 0, -1, 0, 0, 0, 0, 0, 0, 0, -1, 0, 0, 0, 0, 0, 1, 0, 0, 0, 0, 0, 0, 0, 0, 0, 0, 0, -1, 0, 0, 0, 0, 0, 0, 0, -1, 0, 0, 0; 0, 0, 1, 0, 0, 0, 0, 0, 0, 0, 0, -1, 0, 0, 0, 0, 0, 1, 0, 0, 0, 0, 0, 0, 0, 0, 0, 0, 0, -1, 0, 0, 0, 0, 0, 0, 0, -1, 0, 0; 0, 0, 0, -1, 0, 0, 0, 0, 0, 0, 1, 0, 0, 0, 0, 0, 0, 0, 1, 0, 0, 0, 0, 0, 0, 0, 0, 0, 0, 0, -1, 0, 0, 0, 0, 0, 0, 0, -1, 0; 0, 0, 0, 1, 0, 0, 0, 0, 0, 0, 0, 1, 0, 0, 0, 0, 0, 0, 0, 1, 0, 0, 0, 0, 0, 0, 0, 0, 0, 0, 0, -1, 0, 0, 0, 0, 0, 0, 0, -1; 0, 0, 0, 0, -1, 0, 0, 0, 0, 0, 0, 0, -1, 0, 0, 0, 0, 0, 0, 0, -1, 0, 0, 0, 1, 0, 0, 0, 0, 0, 0, 0, 0, 0, 0, 0, 0, 0, 0, 1; 0, 0, 0, 0, 1, 0, 0, 0, 0, 0, 0, 0, 0, -1, 0, 0, 0, 0, 0, 0, 0, -1, 0, 0, 0, 1, 0, 0, 0, 0, 0, 0, 0, 0, 0, 0, 0, 0, 1, 0; 0, 0, 0, 0, 0, -1, 0, 0, 0, 0, 0, 0, 1, 0, 0, 0, 0, 0, 0, 0, 0, 0, -1, 0, 0, 0, 1, 0, 0, 0, 0, 0, 0, 0, 0, 0, 0, 1, 0, 0; 0, 0, 0, 0, 0, 1, 0, 0, 0, 0, 0, 0, 0, 1, 0, 0, 0, 0, 0, 0, 0, 0, 0, -1, 0, 0, 0, 1, 0, 0, 0, 0, 0, 0, 0, 0, 1, 0, 0, 0; 0, 0, 0, 0, 0, 0, -1, 0, 0, 0, 0, 0, 0, 0, -1, 0, 0, 0, 0, 0, 1, 0, 0, 0, 0, 0, 0, 0, 1, 0, 0, 0, 0, 0, 0, 1, 0, 0, 0, 0; 0, 0, 0, 0, 0, 0, 1, 0, 0, 0, 0, 0, 0, 0, 0, -1, 0, 0, 0, 0, 0, 1, 0, 0, 0, 0, 0, 0, 0, 1, 0, 0, 0, 0, 1, 0, 0, 0, 0, 0; 0, 0, 0, 0, 0, 0, 0, -1, 0, 0, 0, 0, 0, 0, 1, 0, 0, 0, 0, 0, 0, 0, 1, 0, 0, 0, 0, 0, 0, 0, 1, 0, 0, 1, 0, 0, 0, 0, 0, 0; 0, 0, 0, 0, 0, 0, 0, 1, 0, 0, 0, 0, 0, 0, 0, 1, 0, 0, 0, 0, 0, 0, 0, 1, 0, 0, 0, 0, 0, 0, 0, 1, 1, 0, 0, 0, 0, 0, 0, 0]
GENUS5_D2=[1, -1, 0, 0, 0, 0, 0, 0, 0, 0, 0, 0, 0, 0, 0, 0; 0, 0, 1, -1, 0, 0, 0, 0, 0, 0, 0, 0, 0, 0, 0, 0; 0, 0, 0, 0, 1, -1, 0, 0, 0, 0, 0, 0, 0, 0, 0, 0; 0, 0, 0, 0, 0, 0, 1, -1, 0, 0, 0, 0, 0, 0, 0, 0; 0, 0, 0, 0, 0, 0, 0, 0, 1, -1, 0, 0, 0, 0, 0, 0; 0, 0, 0, 0, 0, 0, 0, 0, 0, 0, 1, -1, 0, 0, 0, 0; 0, 0, 0, 0, 0, 0, 0, 0, 0, 0, 0, 0, 1, -1, 0, 0; 0, 0, 0, 0, 0, 0, 0, 0, 0, 0, 0, 0, 0, 0, 1, -1; 0, 1, 0, -1, 0, 0, 0, 0, 0, 0, 0, 0, 0, 0, 0, 0; 1, 0, -1, 0, 0, 0, 0, 0, 0, 0, 0, 0, 0, 0, 0, 0; 0, 0, 0, 0, 0, 1, 0, -1, 0, 0, 0, 0, 0, 0, 0, 0; 0, 0, 0, 0, 1, 0, -1, 0, 0, 0, 0, 0, 0, 0, 0, 0; 0, 0, 0, 0, 0, 0, 0, 0, 0, 1, 0, -1, 0, 0, 0, 0; 0, 0, 0, 0, 0, 0, 0, 0, 1, 0, -1, 0, 0, 0, 0, 0; 0, 0, 0, 0, 0, 0, 0, 0, 0, 0, 0, 0, 0, 1, 0, -1; 0, 0, 0, 0, 0, 0, 0, 0, 0, 0, 0, 0, 1, 0, -1, 0; 0, 0, 0, 1, 0, 0, 0, -1, 0, 0, 0, 0, 0, 0, 0, 0; 0, 0, 1, 0, 0, 0, -1, 0, 0, 0, 0, 0, 0, 0, 0, 0; 0, 1, 0, 0, 0, -1, 0, 0, 0, 0, 0, 0, 0, 0, 0, 0; 1, 0, 0, 0, -1, 0, 0, 0, 0, 0, 0, 0, 0, 0, 0, 0; 0, 0, 0, 0, 0, 0, 0, 0, 0, 0, 0, 1, 0, 0, 0, -1; 0, 0, 0, 0, 0, 0, 0, 0, 0, 0, 1, 0, 0, 0, -1, 0; 0, 0, 0, 0, 0, 0, 0, 0, 0, 1, 0, 0, 0, -1, 0, 0; 0, 0, 0, 0, 0, 0, 0, 0, 1, 0, 0, 0, -1, 0, 0, 0; 0, 0, 0, 0, 0, 0, 0, 1, 0, 0, 0, 0, 0, 0, 0, -1; 0, 0, 0, 0, 0, 0, 1, 0, 0, 0, 0, 0, 0, 0, -1, 0; 0, 0, 0, 0, 0, 1, 0, 0, 0, 0, 0, 0, 0, -1, 0, 0; 0, 0, 0, 0, 1, 0, 0, 0, 0, 0, 0, 0, -1, 0, 0, 0; 0, 0, 0, 1, 0, 0, 0, 0, 0, 0, 0, -1, 0, 0, 0, 0; 0, 0, 1, 0, 0, 0, 0, 0, 0, 0, -1, 0, 0, 0, 0, 0; 0, 1, 0, 0, 0, 0, 0, 0, 0, -1, 0, 0, 0, 0, 0, 0; 1, 0, 0, 0, 0, 0, 0, 0, -1, 0, 0, 0, 0, 0, 0, 0; -1, 0, 0, 0, 0, 0, 0, 0, 0, 0, 0, 0, 0, 0, 0, 1; 0, -1, 0, 0, 0, 0, 0, 0, 0, 0, 0, 0, 0, 0, 1, 0; 0, 0, -1, 0, 0, 0, 0, 0, 0, 0, 0, 0, 0, 1, 0, 0; 0, 0, 0, -1, 0, 0, 0, 0, 0, 0, 0, 0, 1, 0, 0, 0; 0, 0, 0, 0, -1, 0, 0, 0, 0, 0, 0, 1, 0, 0, 0, 0; 0, 0, 0, 0, 0, -1, 0, 0, 0, 0, 1, 0, 0, 0, 0, 0; 0, 0, 0, 0, 0, 0, -1, 0, 0, 1, 0, 0, 0, 0, 0, 0; 0, 0, 0, 0, 0, 0, 0, -1, 1, 0, 0, 0, 0, 0, 0, 0]
GENUS5_CYCLE_LATTICE=[-1, -1, 0, 0, 0, 0, 0, 0, 0, 0, 0, -1, -1, -1, 0, -1, 0, 0, 0, -1, 0, 0, -1, 0, -1; 1, 0, 0, 0, 0, 0, 0, 0, 0, 0, 0, 0, 0, 0, 0, 0, 0, 0, -1, 0, 0, 0, 0, 0, 0; 0, 1, 0, -1, 0, 0, 0, 0, 0, 0, 0, 0, 0, 0, 0, 0, 0, 0, 0, 0, 0, 0, 0, 0, 0; 0, 0, 0, 1, 0, 0, 0, 0, 0, 0, 0, 0, 0, 0, 0, 0, 0, 0, 0, 0, 0, 0, 0, 0, 0; 0, 0, 0, 0, 0, -1, -1, 0, 0, 0, -1, 0, 0, 1, 0, 0, 0, 0, 0, 0, 0, 0, 0, 1, 0; 0, 0, 0, 0, 0, 1, 0, 0, 0, 0, 0, 0, 0, 0, 0, 0, 0, 0, 0, 0, 0, 0, 0, 0, 0; 0, 0, 0, 0, 0, 0, 1, 0, -1, 0, 0, 0, 0, 0, 0, 0, 0, 0, 0, 0, 0, 0, 0, 0, 0; 0, 0, 0, 0, 0, 0, 0, 0, 1, 0, 0, 0, -1, 0, -1, 0, 0, 0, 0, 0, 0, 0, 0, 0, 0; 1, 0, -1, 0, 0, 0, 0, 0, 0, 0, 0, 0, 0, 0, 0, 0, -1, -1, -1, 0, 0, 0, 0, 0, 0; -1, 0, 0, 0, -1, 0, 0, 0, 0, 0, 0, 0, 0, 0, 0, -1, 0, 0, 0, 0, 0, 0, 0, 0, 0; 0, 0, 1, 1, 0, 0, 0, 0, 0, 0, 0, 0, 0, 0, -1, 0, 0, 0, 0, 0, 0, 0, 0, -1, 0; 0, 0, 0, -1, 1, 0, 0, 0, 0, 0, 0, -1, 0, 0, 0, 0, 0, 0, 0, 0, 0, 0, 0, 0, -1; 0, 0, 0, 0, 0, 1, 0, -1, 0, 0, 0, 0, 0, 0, 0, 0, 1, 0, 0, 0, 0, 0, 1, 0, 0; 0, 0, 0, 0, 0, -1, 0, 0, 0, -1, 0, 0, 0, 0, 0, 0, 0, 0, 0, 0, 0, 0, 0, 0, 0; 0, 0, 0, 0, 0, 0, 0, 1, 1, 0, 0, 0, 0, 0, 0, 0, 0, 0, 0, 0, 0, 0, 0, 0, 0; 0, 0, 0, 0, 0, 0, 0, 0, -1, 1, -1, 0, 0, 0, 0, 0, 0, -1, 0, -1, 0, 0, 0, 0, 0; 0, 1, 1, 0, 0, 0, 0, 0, 0, 0, 0, 0, 0, 0, -1, 0, 0, 0, 0, 0, -1, -1, 0, -1, 0; 0, -1, 0, 0, 1, 0, 0, 0, 0, 0, 0, -1, 0, 0, 0, 0, 0, 0, 0, -1, 0, 0, -1, 0, -1; 0, 0, -1, 0, 0, 0, 0, 0, 0, 0, 0, 0, 0, 0, 0, 0, 0, 0, 0, 0, 0, 0, 0, 0, 0; 0, 0, 0, 0, -1, 0, 0, 0, 0, 0, 0, 0, 0, 0, 0, 0, 0, 0, 0, 0, 0, 0, 0, 0, 0; 0, 0, 0, 0, 0, 0, 1, 1, 0, 0, 0, 0, 0, 0, 0, 0, 0, 0, 1, 0, 1, 0, 0, 0, 0; 0, 0, 0, 0, 0, 0, -1, 0, 0, 1, -1, 0, 0, 0, 0, 0, 0, 0, 0, 0, 0, 0, 0, 0, 0; 0, 0, 0, 0, 0, 0, 0, -1, 0, 0, 0, 0, 0, 0, 0, 0, 0, 0, 0, 0, 0, 0, 0, 0, 0; 0, 0, 0, 0, 0, 0, 0, 0, 0, -1, 0, 0, 0, 0, 0, -1, 0, 0, 0, 0, 0, -1, 0, 0, 0; 0, 0, 0, 0, 0, 0, 0, 0, 0, 0, -1, 0, 0, 1, 0, 0, 1, 0, 1, 0, 1, 0, 1, 1, 1; 0, 0, 0, 0, 0, 0, 0, 0, 0, 0, 0, 0, 0, -1, 0, 0, 0, 0, 0, 0, 0, 0, 0, 0, 0; 0, 0, 0, 0, 0, 0, 0, 0, 0, 0, 0, 0, 0, 0, 0, 0, -1, 0, 0, 0, 0, 0, 0, 0, 0; 0, 0, 0, 0, 0, 0, 0, 0, 0, 0, 0, 0, 0, 0, 0, -1, 0, 0, 0, 0, 0, 0, 0, 0, 0; 0, 0, 0, 0, 0, 0, 0, 0, 0, 0, 0, 0, 0, 0, 0, 0, 0, 0, 0, 0, -1, 0, 0, 0, 0; 0, 0, 0, 0, 0, 0, 0, 0, 0, 0, 0, 0, 0, 0, 0, 0, 0, 0, 0, -1, 0, 0, 0, 0, 0; 0, 0, 0, 0, 0, 0, 0, 0, 0, 0, 0, 0, 0, 0, -1, 0, 0, 0, 0, 0, 0, 0, 0, 0, 0; 0, 0, 0, 0, 0, 0, 0, 0, 0, 0, 0, -1, 0, 0, 0, 0, 0, 0, 0, 0, 0, 0, 0, 0, 0; 0, 0, 0, 0, 0, 0, 0, 0, 0, 0, 1, 1, 1, 0, 1, 1, 0, 1, 0, 1, 0, 1, 0, 0, 0; 0, 0, 0, 0, 0, 0, 0, 0, 0, 0, 0, 0, -1, 0, 0, 0, 0, 0, 0, 0, 0, 0, 0, 0, 0; 0, 0, 0, 0, 0, 0, 0, 0, 0, 0, 0, 0, 0, 0, 0, 0, 0, -1, 0, 0, 0, 0, 0, 0, 0; 0, 0, 0, 0, 0, 0, 0, 0, 0, 0, 0, 0, 0, 0, 0, 0, 0, 0, -1, 0, 0, 0, 0, 0, 0; 0, 0, 0, 0, 0, 0, 0, 0, 0, 0, 0, 0, 0, 0, 0, 0, 0, 0, 0, 0, 0, -1, 0, 0, 0; 0, 0, 0, 0, 0, 0, 0, 0, 0, 0, 0, 0, 0, 0, 0, 0, 0, 0, 0, 0, 0, 0, -1, 0, 0; 0, 0, 0, 0, 0, 0, 0, 0, 0, 0, 0, 0, 0, 0, 0, 0, 0, 0, 0, 0, 0, 0, 0, -1, 0; 0, 0, 0, 0, 0, 0, 0, 0, 0, 0, 0, 0, 0, 0, 0, 0, 0, 0, 0, 0, 0, 0, 0, 0, -1]
GENUS5_FACE_COORDINATES=[0, 0, 1, 0, 0, 0, 0, 0, 0, 0, 0, 0, -1, 0, 0, 0; 0, 0, 0, 0, 1, -1, 1, -1, 0, 0, 0, 0, 0, 0, 0, 0; 0, -1, 0, 0, 0, 1, 0, 0, 0, 0, 0, 0, 0, 0, 0, 0; 0, 0, 0, 0, 0, 0, 1, -1, 0, 0, 0, 0, 0, 0, 0, 0; -1, 0, 0, 0, 1, 0, 0, 0, 0, 0, 0, 0, 0, 0, 0, 0; 0, 0, 0, 0, 0, 0, 0, 0, 0, 0, 1, -1, 0, 0, 0, 0; 0, 0, 0, 0, 0, 0, 0, 0, 0, 1, 0, 0, 1, -1, 0, -1; 0, 0, 0, 0, 0, 0, 0, 0, 0, -1, 0, 0, 0, 1, 0, 0; 0, 0, 0, 0, 0, 0, 0, 0, 0, 1, 0, 0, 0, 0, 0, -1; 0, 0, 0, 0, 0, 0, 0, 0, -1, 0, 0, 1, 0, 0, 0, 0; 0, 0, 0, 0, 0, 0, 0, 0, -1, -1, -1, 1, -1, 1, 1, 1; -1, 0, 0, 0, 0, 0, 0, 0, 1, 0, 0, 0, 0, 0, 0, 0; 0, 1, 0, 0, 0, 0, 0, 0, 0, 0, 0, 0, 0, 0, -1, 0; 0, 0, 0, 0, 0, 0, -1, 0, 0, 0, 0, 0, 0, 0, 1, 0; 0, -1, 0, 0, 0, 0, 0, 0, 0, 1, 0, 0, 0, 0, 0, 0; 0, 0, 0, 0, -1, 0, 0, 0, 0, 0, 0, 0, 1, 0, 0, 0; 0, 0, 0, 0, 0, -1, 0, 0, 0, 0, 0, 0, 0, 1, 0, 0; 0, 0, 1, 0, 0, 0, 0, 0, 0, 0, 0, 0, 0, -1, 0, 0; 0, 0, 0, 1, 0, 0, 0, 0, 0, 0, 0, 0, -1, 0, 0, 0; 0, 0, -1, 0, 0, 0, 0, 0, 0, 0, 1, 0, 0, 0, 0, 0; 0, 0, 0, -1, 0, 0, 0, 0, 0, 0, 0, 1, 0, 0, 0, 0; 0, 0, 0, 0, 1, 0, 0, 0, 0, 0, 0, -1, 0, 0, 0, 0; 0, 0, 0, 0, 0, 1, 0, 0, 0, 0, -1, 0, 0, 0, 0, 0; 0, 0, 0, 0, 0, 0, 1, 0, 0, -1, 0, 0, 0, 0, 0, 0; 0, 0, 0, 0, 0, 0, 0, 1, -1, 0, 0, 0, 0, 0, 0, 0]
GENUS5_SMITH_LEFT=[0, 1, 0, -1, 0, 0, -1, 0, 1, 0, 0, 0, 0, 0, 0, 1, -1, 0, 0, 0, 0, 0, 0, 0, 0; -1, -1, 0, 1, 0, 0, 0, 0, 0, 0, 0, 0, 0, 0, 0, -1, 1, 1, 0, 0, 0, 0, 0, 0, 0; 0, 0, 0, 1, 0, -1, -1, 0, 0, 0, -1, 0, 0, 1, 0, 0, 0, 0, 0, 0, 0, 0, 0, 0, 1; 0, 0, 1, 0, 0, 0, 0, -1, 0, 0, 0, 0, 1, 1, 0, 0, 1, 0, 0, 0, 0, 0, 0, 1, 0; 0, 0, -1, 0, 0, 0, -1, 0, 0, 1, -1, 0, -1, 0, 0, 0, 0, 0, 0, 0, 0, 0, 1, 0, 0; 0, -1, -1, 1, 0, -1, -1, 0, 0, 1, -1, 0, -1, 0, 0, 0, 0, 0, 0, 0, 0, 1, 0, 0, 0; 0, 1, 1, -1, 0, 1, 1, 0, 0, -1, 1, 0, 1, 0, 0, 1, 0, 0, 1, 0, 1, 0, 0, 0, 0; 1, 1, 1, -1, 0, 0, 1, 0, 0, -1, 1, 0, 1, 0, 0, 1, 0, 0, 0, 1, 0, 0, 0, 0, 0; 0, 0, -1, 0, 0, 0, 0, 1, 0, 0, 0, 0, 0, 0, 1, 0, -1, 0, 0, 0, 0, 0, 0, 0, 0; 0, 1, 1, -1, -1, 1, 1, 0, 0, 0, 1, 1, 1, 0, 0, 0, 0, 0, 0, 0, 0, 0, 0, 0, 0; 0, 0, 0, 0, 0, 0, 0, 0, 0, 0, 1, 0, 0, 0, 0, 0, 0, 0, 0, 0, 0, 0, 0, 0, 0; 0, 0, 0, 0, 0, 0, 0, 0, 0, 0, 0, 0, 0, 1, 0, 0, 0, 0, 0, 0, 0, 0, 0, 0, 0; 0, 0, 0, 0, 0, 0, 0, 0, 0, 0, 0, 0, 0, 0, 0, 0, 0, 0, 1, 0, 0, 0, 0, 0, 0; 0, 0, 0, 0, 0, 0, 0, 0, 0, 1, 0, 0, 0, 0, 0, 0, 0, 0, 0, 0, 0, 0, 0, 0, 0; 0, 0, 0, 0, 0, 0, 0, 1, 0, 0, 0, 0, 0, 0, 0, 0, 0, 0, 0, 0, 0, 0, 0, 0, 0; 1, 1, 0, -1, 0, 0, 0, 0, 0, 0, 0, 0, 0, 0, 0, 1, -1, 0, 0, 0, 0, 0, 0, 0, 0; 0, -1, 0, 1, 0, 0, 1, 0, 0, 0, 0, 0, 0, 0, 0, -1, 1, 0, 0, 0, 0, 0, 0, 0, 0; 0, 0, -1, 0, 0, 0, 0, 1, 0, 0, 0, 0, -1, -1, 0, 0, -1, 0, 0, 0, 0, 0, 0, 0, 0; 0, 0, 0, -1, 0, 1, 1, 0, 0, 0, 1, 0, 0, -1, 0, 0, 0, 0, 0, 0, 0, 0, 0, 0, 0; 0, -1, -1, 1, 1, -1, -1, 0, 0, 0, -1, 0, -1, 0, 0, 0, 0, 0, 0, 0, 0, 0, 0, 0, 0; 0, 1, 1, -1, 0, 1, 1, 0, 0, -1, 1, 0, 1, 0, 0, 0, 0, 0, 0, 0, 0, 0, 0, 0, 0; 0, 0, 1, 0, 0, 0, 1, 0, 0, -1, 1, 0, 1, 0, 0, 0, 0, 0, 0, 0, 0, 0, 0, 0, 0; 0, 0, 1, 0, 0, 0, 0, -1, 0, 0, 0, 0, 0, 0, 0, 0, 1, 0, 0, 0, 0, 0, 0, 0, 0; 0, -1, -1, 1, 0, -1, -1, 0, 0, 1, -1, 0, -1, 0, 0, -1, 0, 0, -1, 0, 0, 0, 0, 0, 0; -1, -1, -1, 1, 0, 0, -1, 0, 0, 1, -1, 0, -1, 0, 0, -1, 0, 0, 0, 0, 0, 0, 0, 0, 0]
GENUS5_FREE_ROWS=[1, 2, 3, 4, 5, 6, 7, 8, 9, 10]
GENUS5_H1_REPRESENTATIVES=[0, 0, -1, 0, -1, 0, 0, -1, 0, -1; 0, 0, 0, 0, 0, 0, 0, 0, 0, 0; 0, 0, 0, 0, 0, 0, 0, 0, 0, 0; 0, 0, 0, 0, 0, 0, 0, 0, 0, 0; 0, 0, 0, 1, 0, 0, 0, 0, 0, 0; 0, 0, 0, 0, 0, 0, 0, 0, 0, 0; -1, 0, 0, 0, 0, 0, 0, 0, 0, 0; 1, 0, 0, 0, 0, 0, 0, 0, -1, 0; 0, -1, 0, 0, 0, 0, 0, 0, 0, 0; 0, 0, 0, 0, 0, 0, 0, 0, 0, 0; 0, 0, 0, -1, 0, 0, 0, 0, -1, 0; 0, 0, -1, 0, 0, 0, 0, 0, 0, -1; 0, 0, 0, 0, 1, 0, 0, 0, 0, 0; 0, 0, 0, 0, 0, 0, 0, 0, 0, 0; 1, 0, 0, 0, 0, 0, 0, 0, 0, 0; -1, -1, 0, 0, 0, 0, 0, -1, 0, 0; 0, 0, 0, -1, 0, -1, -1, 0, -1, 0; 0, 0, -1, 0, -1, 0, 0, -1, 0, -1; 0, 0, 0, 0, 0, 0, 0, 0, 0, 0; 0, 0, 0, 0, 0, 0, 0, 0, 0, 0; 0, 0, 0, 0, 0, 0, 1, 0, 0, 0; 0, 0, 0, 0, 0, 0, 0, 0, 0, 0; 0, 0, 0, 0, 0, 0, 0, 0, 0, 0; 0, 0, 0, 0, 0, -1, 0, 0, 0, 0; 0, 0, 1, 1, 1, 0, 1, 0, 0, 0; 0, 0, 0, 0, 0, 0, 0, 0, 0, 0; 0, 0, 0, 0, 0, 0, 0, 0, 0, 0; 0, 0, 0, 0, 0, 0, 0, 0, 0, 0; 0, 0, 0, 0, 0, 0, -1, 0, 0, 0; 0, 0, 0, 0, 0, 0, 0, -1, 0, 0; 0, 0, 0, 0, 0, 0, 0, 0, -1, 0; 0, 0, 0, 0, 0, 0, 0, 0, 0, -1; 0, 1, 0, 0, 0, 1, 0, 1, 1, 1; 0, 0, 0, 0, 0, 0, 0, 0, 0, 0; 0, -1, 0, 0, 0, 0, 0, 0, 0, 0; 0, 0, 0, 0, 0, 0, 0, 0, 0, 0; 0, 0, 0, 0, 0, -1, 0, 0, 0, 0; 0, 0, 0, 0, -1, 0, 0, 0, 0, 0; 0, 0, 0, -1, 0, 0, 0, 0, 0, 0; 0, 0, -1, 0, 0, 0, 0, 0, 0, 0]
QUOTIENT 1 inertia=1
VERTICES=[0, 2, 4, 6, 8, 10, 12, 14]
EDGES=[[0, 2, 2], [4, 6, 2], [8, 10, 2], [12, 14, 2], [0, 4, 3], [2, 6, 3], [8, 12, 3], [10, 14, 3], [0, 8, 4], [2, 10, 4], [4, 12, 4], [6, 14, 4], [0, 14, 5], [2, 12, 5], [4, 10, 5], [6, 8, 5]]
D1=[-1, 0, 0, 0, -1, 0, 0, 0, -1, 0, 0, 0, -1, 0, 0, 0; 1, 0, 0, 0, 0, -1, 0, 0, 0, -1, 0, 0, 0, -1, 0, 0; 0, -1, 0, 0, 1, 0, 0, 0, 0, 0, -1, 0, 0, 0, -1, 0; 0, 1, 0, 0, 0, 1, 0, 0, 0, 0, 0, -1, 0, 0, 0, -1; 0, 0, -1, 0, 0, 0, -1, 0, 1, 0, 0, 0, 0, 0, 0, 1; 0, 0, 1, 0, 0, 0, 0, -1, 0, 1, 0, 0, 0, 0, 1, 0; 0, 0, 0, -1, 0, 0, 1, 0, 0, 0, 1, 0, 0, 1, 0, 0; 0, 0, 0, 1, 0, 0, 0, 1, 0, 0, 0, 1, 1, 0, 0, 0]
D2=[1, -1, 0, 0, 0, 0, 0, 0; 0, 0, 1, -1, 0, 0, 0, 0; 0, 0, 0, 0, 1, -1, 0, 0; 0, 0, 0, 0, 0, 0, 1, -1; 0, 1, 0, -1, 0, 0, 0, 0; 1, 0, -1, 0, 0, 0, 0, 0; 0, 0, 0, 0, 0, 1, 0, -1; 0, 0, 0, 0, 1, 0, -1, 0; 0, 0, 0, 1, 0, 0, 0, -1; 0, 0, 1, 0, 0, 0, -1, 0; 0, 1, 0, 0, 0, -1, 0, 0; 1, 0, 0, 0, -1, 0, 0, 0; -1, 0, 0, 0, 0, 0, 0, 1; 0, -1, 0, 0, 0, 0, 1, 0; 0, 0, -1, 0, 0, 1, 0, 0; 0, 0, 0, -1, 1, 0, 0, 0]
CYCLE_LATTICE=[-1, -1, -1, -1, -1, 0, 0, 1, 0; 1, 0, 0, 0, 0, 0, 0, 0, -1; 0, 1, 0, 0, 0, -1, 0, 0, 0; 0, 0, 0, 0, -1, 1, -1, 0, 0; 1, 0, 0, 0, 0, 0, -1, -1, -1; -1, 0, 0, -1, 0, 0, 0, 0, 0; 0, 0, 0, 0, 0, 1, 0, 0, 0; 0, 0, -1, 0, 0, -1, 0, 0, 0; 0, 1, 0, 0, 0, 0, 0, 0, 1; 0, -1, -1, 0, 0, 0, 0, 1, 0; 0, 0, 0, 0, 0, 0, -1, 0, 0; 0, 0, 0, -1, 0, 0, 0, 0, 0; 0, 0, 1, 1, 1, 0, 1, 0, 0; 0, 0, 0, 0, -1, 0, 0, 0, 0; 0, 0, 0, 0, 0, 0, 0, -1, 0; 0, 0, 0, 0, 0, 0, 0, 0, -1]
FACE_COORDINATES=[0, 0, 1, 0, -1, 0, 0, 0; 0, 0, 0, 0, 1, 0, 0, -1; 0, 0, 0, 0, -1, -1, 1, 1; -1, 0, 0, 0, 1, 0, 0, 0; 0, 1, 0, 0, 0, 0, -1, 0; 0, 0, 0, 0, 0, 1, 0, -1; 0, -1, 0, 0, 0, 1, 0, 0; 0, 0, 1, 0, 0, -1, 0, 0; 0, 0, 0, 1, -1, 0, 0, 0]
SMITH_LEFT=[-1, -1, 0, 0, 0, 1, 0, 1, 0; 0, 1, 1, 0, 1, 0, 1, 0, 0; 0, 0, 0, 1, 0, 0, 0, 0, 0; 0, 0, 0, 0, 0, 0, 0, 0, 1; 0, 0, 1, 0, 0, 0, 0, 0, 0; 0, 0, 0, 0, 0, 1, 0, 0, 0; 0, 0, 0, 0, 1, 0, 0, 0, 0; 1, 1, 0, 0, 0, -1, 0, 0, 0; 0, -1, -1, 0, -1, 0, 0, 0, 0]
FREE_ROWS=[1, 2]
H1_REPRESENTATIVES=[1, 0; 0, 0; 0, 0; 0, -1; -1, -1; 0, 0; 0, 0; 0, 0; 0, 0; 1, 0; 0, -1; 0, 0; 0, 1; 0, 0; -1, 0; 0, 0]
TRANSFER_C1=[0, 0, 0, 0, 0, 0, 0, 0, 0, 0, 0, 0, 0, 0, 0, 0; 0, 0, 0, 0, 0, 0, 0, 0, 0, 0, 0, 0, 0, 0, 0, 0; 0, 0, 0, 0, 0, 0, 0, 0, 0, 0, 0, 0, 0, 0, 0, 0; 0, 0, 0, 0, 0, 0, 0, 0, 0, 0, 0, 0, 0, 0, 0, 0; 0, 0, 0, 0, 0, 0, 0, 0, 0, 0, 0, 0, 0, 0, 0, 0; 0, 0, 0, 0, 0, 0, 0, 0, 0, 0, 0, 0, 0, 0, 0, 0; 0, 0, 0, 0, 0, 0, 0, 0, 0, 0, 0, 0, 0, 0, 0, 0; 0, 0, 0, 0, 0, 0, 0, 0, 0, 0, 0, 0, 0, 0, 0, 0; 1, 0, 0, 0, 0, 0, 0, 0, 0, 0, 0, 0, 0, 0, 0, 0; 1, 0, 0, 0, 0, 0, 0, 0, 0, 0, 0, 0, 0, 0, 0, 0; 0, 1, 0, 0, 0, 0, 0, 0, 0, 0, 0, 0, 0, 0, 0, 0; 0, 1, 0, 0, 0, 0, 0, 0, 0, 0, 0, 0, 0, 0, 0, 0; 0, 0, 1, 0, 0, 0, 0, 0, 0, 0, 0, 0, 0, 0, 0, 0; 0, 0, 1, 0, 0, 0, 0, 0, 0, 0, 0, 0, 0, 0, 0, 0; 0, 0, 0, 1, 0, 0, 0, 0, 0, 0, 0, 0, 0, 0, 0, 0; 0, 0, 0, 1, 0, 0, 0, 0, 0, 0, 0, 0, 0, 0, 0, 0; 0, 0, 0, 0, 1, 0, 0, 0, 0, 0, 0, 0, 0, 0, 0, 0; 0, 0, 0, 0, 1, 0, 0, 0, 0, 0, 0, 0, 0, 0, 0, 0; 0, 0, 0, 0, 0, 1, 0, 0, 0, 0, 0, 0, 0, 0, 0, 0; 0, 0, 0, 0, 0, 1, 0, 0, 0, 0, 0, 0, 0, 0, 0, 0; 0, 0, 0, 0, 0, 0, 1, 0, 0, 0, 0, 0, 0, 0, 0, 0; 0, 0, 0, 0, 0, 0, 1, 0, 0, 0, 0, 0, 0, 0, 0, 0; 0, 0, 0, 0, 0, 0, 0, 1, 0, 0, 0, 0, 0, 0, 0, 0; 0, 0, 0, 0, 0, 0, 0, 1, 0, 0, 0, 0, 0, 0, 0, 0; 0, 0, 0, 0, 0, 0, 0, 0, 1, 0, 0, 0, 0, 0, 0, 0; 0, 0, 0, 0, 0, 0, 0, 0, 1, 0, 0, 0, 0, 0, 0, 0; 0, 0, 0, 0, 0, 0, 0, 0, 0, 1, 0, 0, 0, 0, 0, 0; 0, 0, 0, 0, 0, 0, 0, 0, 0, 1, 0, 0, 0, 0, 0, 0; 0, 0, 0, 0, 0, 0, 0, 0, 0, 0, 1, 0, 0, 0, 0, 0; 0, 0, 0, 0, 0, 0, 0, 0, 0, 0, 1, 0, 0, 0, 0, 0; 0, 0, 0, 0, 0, 0, 0, 0, 0, 0, 0, 1, 0, 0, 0, 0; 0, 0, 0, 0, 0, 0, 0, 0, 0, 0, 0, 1, 0, 0, 0, 0; 0, 0, 0, 0, 0, 0, 0, 0, 0, 0, 0, 0, 1, 0, 0, 0; 0, 0, 0, 0, 0, 0, 0, 0, 0, 0, 0, 0, 1, 0, 0, 0; 0, 0, 0, 0, 0, 0, 0, 0, 0, 0, 0, 0, 0, 1, 0, 0; 0, 0, 0, 0, 0, 0, 0, 0, 0, 0, 0, 0, 0, 1, 0, 0; 0, 0, 0, 0, 0, 0, 0, 0, 0, 0, 0, 0, 0, 0, 1, 0; 0, 0, 0, 0, 0, 0, 0, 0, 0, 0, 0, 0, 0, 0, 1, 0; 0, 0, 0, 0, 0, 0, 0, 0, 0, 0, 0, 0, 0, 0, 0, 1; 0, 0, 0, 0, 0, 0, 0, 0, 0, 0, 0, 0, 0, 0, 0, 1]
TRANSFER_H1=[0, 0; 0, 0; 0, 0; -1, -1; 1, 1; 1, 1; -1, 0; -1, 0; 1, 0; 0, -1]
QUOTIENT 2 inertia=2
VERTICES=[0, 1, 4, 5, 8, 9, 12, 13]
EDGES=[[0, 1, 1], [4, 5, 1], [8, 9, 1], [12, 13, 1], [0, 4, 3], [1, 5, 3], [8, 12, 3], [9, 13, 3], [0, 8, 4], [1, 9, 4], [4, 12, 4], [5, 13, 4], [0, 13, 5], [1, 12, 5], [4, 9, 5], [5, 8, 5]]
D1=[-1, 0, 0, 0, -1, 0, 0, 0, -1, 0, 0, 0, -1, 0, 0, 0; 1, 0, 0, 0, 0, -1, 0, 0, 0, -1, 0, 0, 0, -1, 0, 0; 0, -1, 0, 0, 1, 0, 0, 0, 0, 0, -1, 0, 0, 0, -1, 0; 0, 1, 0, 0, 0, 1, 0, 0, 0, 0, 0, -1, 0, 0, 0, -1; 0, 0, -1, 0, 0, 0, -1, 0, 1, 0, 0, 0, 0, 0, 0, 1; 0, 0, 1, 0, 0, 0, 0, -1, 0, 1, 0, 0, 0, 0, 1, 0; 0, 0, 0, -1, 0, 0, 1, 0, 0, 0, 1, 0, 0, 1, 0, 0; 0, 0, 0, 1, 0, 0, 0, 1, 0, 0, 0, 1, 1, 0, 0, 0]
D2=[1, -1, 0, 0, 0, 0, 0, 0; 0, 0, 1, -1, 0, 0, 0, 0; 0, 0, 0, 0, 1, -1, 0, 0; 0, 0, 0, 0, 0, 0, 1, -1; 0, 1, 0, -1, 0, 0, 0, 0; 1, 0, -1, 0, 0, 0, 0, 0; 0, 0, 0, 0, 0, 1, 0, -1; 0, 0, 0, 0, 1, 0, -1, 0; 0, 0, 0, 1, 0, 0, 0, -1; 0, 0, 1, 0, 0, 0, -1, 0; 0, 1, 0, 0, 0, -1, 0, 0; 1, 0, 0, 0, -1, 0, 0, 0; -1, 0, 0, 0, 0, 0, 0, 1; 0, -1, 0, 0, 0, 0, 1, 0; 0, 0, -1, 0, 0, 1, 0, 0; 0, 0, 0, -1, 1, 0, 0, 0]
CYCLE_LATTICE=[-1, -1, -1, -1, -1, 0, 0, 1, 0; 1, 0, 0, 0, 0, 0, 0, 0, -1; 0, 1, 0, 0, 0, -1, 0, 0, 0; 0, 0, 0, 0, -1, 1, -1, 0, 0; 1, 0, 0, 0, 0, 0, -1, -1, -1; -1, 0, 0, -1, 0, 0, 0, 0, 0; 0, 0, 0, 0, 0, 1, 0, 0, 0; 0, 0, -1, 0, 0, -1, 0, 0, 0; 0, 1, 0, 0, 0, 0, 0, 0, 1; 0, -1, -1, 0, 0, 0, 0, 1, 0; 0, 0, 0, 0, 0, 0, -1, 0, 0; 0, 0, 0, -1, 0, 0, 0, 0, 0; 0, 0, 1, 1, 1, 0, 1, 0, 0; 0, 0, 0, 0, -1, 0, 0, 0, 0; 0, 0, 0, 0, 0, 0, 0, -1, 0; 0, 0, 0, 0, 0, 0, 0, 0, -1]
FACE_COORDINATES=[0, 0, 1, 0, -1, 0, 0, 0; 0, 0, 0, 0, 1, 0, 0, -1; 0, 0, 0, 0, -1, -1, 1, 1; -1, 0, 0, 0, 1, 0, 0, 0; 0, 1, 0, 0, 0, 0, -1, 0; 0, 0, 0, 0, 0, 1, 0, -1; 0, -1, 0, 0, 0, 1, 0, 0; 0, 0, 1, 0, 0, -1, 0, 0; 0, 0, 0, 1, -1, 0, 0, 0]
SMITH_LEFT=[-1, -1, 0, 0, 0, 1, 0, 1, 0; 0, 1, 1, 0, 1, 0, 1, 0, 0; 0, 0, 0, 1, 0, 0, 0, 0, 0; 0, 0, 0, 0, 0, 0, 0, 0, 1; 0, 0, 1, 0, 0, 0, 0, 0, 0; 0, 0, 0, 0, 0, 1, 0, 0, 0; 0, 0, 0, 0, 1, 0, 0, 0, 0; 1, 1, 0, 0, 0, -1, 0, 0, 0; 0, -1, -1, 0, -1, 0, 0, 0, 0]
FREE_ROWS=[1, 2]
H1_REPRESENTATIVES=[1, 0; 0, 0; 0, 0; 0, -1; -1, -1; 0, 0; 0, 0; 0, 0; 0, 0; 1, 0; 0, -1; 0, 0; 0, 1; 0, 0; -1, 0; 0, 0]
TRANSFER_C1=[1, 0, 0, 0, 0, 0, 0, 0, 0, 0, 0, 0, 0, 0, 0, 0; 1, 0, 0, 0, 0, 0, 0, 0, 0, 0, 0, 0, 0, 0, 0, 0; 0, 1, 0, 0, 0, 0, 0, 0, 0, 0, 0, 0, 0, 0, 0, 0; 0, 1, 0, 0, 0, 0, 0, 0, 0, 0, 0, 0, 0, 0, 0, 0; 0, 0, 1, 0, 0, 0, 0, 0, 0, 0, 0, 0, 0, 0, 0, 0; 0, 0, 1, 0, 0, 0, 0, 0, 0, 0, 0, 0, 0, 0, 0, 0; 0, 0, 0, 1, 0, 0, 0, 0, 0, 0, 0, 0, 0, 0, 0, 0; 0, 0, 0, 1, 0, 0, 0, 0, 0, 0, 0, 0, 0, 0, 0, 0; 0, 0, 0, 0, 0, 0, 0, 0, 0, 0, 0, 0, 0, 0, 0, 0; 0, 0, 0, 0, 0, 0, 0, 0, 0, 0, 0, 0, 0, 0, 0, 0; 0, 0, 0, 0, 0, 0, 0, 0, 0, 0, 0, 0, 0, 0, 0, 0; 0, 0, 0, 0, 0, 0, 0, 0, 0, 0, 0, 0, 0, 0, 0, 0; 0, 0, 0, 0, 0, 0, 0, 0, 0, 0, 0, 0, 0, 0, 0, 0; 0, 0, 0, 0, 0, 0, 0, 0, 0, 0, 0, 0, 0, 0, 0, 0; 0, 0, 0, 0, 0, 0, 0, 0, 0, 0, 0, 0, 0, 0, 0, 0; 0, 0, 0, 0, 0, 0, 0, 0, 0, 0, 0, 0, 0, 0, 0, 0; 0, 0, 0, 0, 1, 0, 0, 0, 0, 0, 0, 0, 0, 0, 0, 0; 0, 0, 0, 0, 0, 1, 0, 0, 0, 0, 0, 0, 0, 0, 0, 0; 0, 0, 0, 0, 1, 0, 0, 0, 0, 0, 0, 0, 0, 0, 0, 0; 0, 0, 0, 0, 0, 1, 0, 0, 0, 0, 0, 0, 0, 0, 0, 0; 0, 0, 0, 0, 0, 0, 1, 0, 0, 0, 0, 0, 0, 0, 0, 0; 0, 0, 0, 0, 0, 0, 0, 1, 0, 0, 0, 0, 0, 0, 0, 0; 0, 0, 0, 0, 0, 0, 1, 0, 0, 0, 0, 0, 0, 0, 0, 0; 0, 0, 0, 0, 0, 0, 0, 1, 0, 0, 0, 0, 0, 0, 0, 0; 0, 0, 0, 0, 0, 0, 0, 0, 1, 0, 0, 0, 0, 0, 0, 0; 0, 0, 0, 0, 0, 0, 0, 0, 0, 1, 0, 0, 0, 0, 0, 0; 0, 0, 0, 0, 0, 0, 0, 0, 1, 0, 0, 0, 0, 0, 0, 0; 0, 0, 0, 0, 0, 0, 0, 0, 0, 1, 0, 0, 0, 0, 0, 0; 0, 0, 0, 0, 0, 0, 0, 0, 0, 0, 1, 0, 0, 0, 0, 0; 0, 0, 0, 0, 0, 0, 0, 0, 0, 0, 0, 1, 0, 0, 0, 0; 0, 0, 0, 0, 0, 0, 0, 0, 0, 0, 1, 0, 0, 0, 0, 0; 0, 0, 0, 0, 0, 0, 0, 0, 0, 0, 0, 1, 0, 0, 0, 0; 0, 0, 0, 0, 0, 0, 0, 0, 0, 0, 0, 0, 1, 0, 0, 0; 0, 0, 0, 0, 0, 0, 0, 0, 0, 0, 0, 0, 0, 1, 0, 0; 0, 0, 0, 0, 0, 0, 0, 0, 0, 0, 0, 0, 1, 0, 0, 0; 0, 0, 0, 0, 0, 0, 0, 0, 0, 0, 0, 0, 0, 1, 0, 0; 0, 0, 0, 0, 0, 0, 0, 0, 0, 0, 0, 0, 0, 0, 1, 0; 0, 0, 0, 0, 0, 0, 0, 0, 0, 0, 0, 0, 0, 0, 0, 1; 0, 0, 0, 0, 0, 0, 0, 0, 0, 0, 0, 0, 0, 0, 1, 0; 0, 0, 0, 0, 0, 0, 0, 0, 0, 0, 0, 0, 0, 0, 0, 1]
TRANSFER_H1=[-1, 1; 0, -1; -1, 0; 1, 1; -1, -1; 0, -1; 0, 2; 1, 1; -1, 0; 1, 1]
QUOTIENT 3 inertia=4
VERTICES=[0, 1, 2, 3, 8, 9, 10, 11]
EDGES=[[0, 1, 1], [2, 3, 1], [8, 9, 1], [10, 11, 1], [0, 2, 2], [1, 3, 2], [8, 10, 2], [9, 11, 2], [0, 8, 4], [1, 9, 4], [2, 10, 4], [3, 11, 4], [0, 11, 5], [1, 10, 5], [2, 9, 5], [3, 8, 5]]
D1=[-1, 0, 0, 0, -1, 0, 0, 0, -1, 0, 0, 0, -1, 0, 0, 0; 1, 0, 0, 0, 0, -1, 0, 0, 0, -1, 0, 0, 0, -1, 0, 0; 0, -1, 0, 0, 1, 0, 0, 0, 0, 0, -1, 0, 0, 0, -1, 0; 0, 1, 0, 0, 0, 1, 0, 0, 0, 0, 0, -1, 0, 0, 0, -1; 0, 0, -1, 0, 0, 0, -1, 0, 1, 0, 0, 0, 0, 0, 0, 1; 0, 0, 1, 0, 0, 0, 0, -1, 0, 1, 0, 0, 0, 0, 1, 0; 0, 0, 0, -1, 0, 0, 1, 0, 0, 0, 1, 0, 0, 1, 0, 0; 0, 0, 0, 1, 0, 0, 0, 1, 0, 0, 0, 1, 1, 0, 0, 0]
D2=[1, -1, 0, 0, 0, 0, 0, 0; 0, 0, 1, -1, 0, 0, 0, 0; 0, 0, 0, 0, 1, -1, 0, 0; 0, 0, 0, 0, 0, 0, 1, -1; 0, 1, 0, -1, 0, 0, 0, 0; 1, 0, -1, 0, 0, 0, 0, 0; 0, 0, 0, 0, 0, 1, 0, -1; 0, 0, 0, 0, 1, 0, -1, 0; 0, 0, 0, 1, 0, 0, 0, -1; 0, 0, 1, 0, 0, 0, -1, 0; 0, 1, 0, 0, 0, -1, 0, 0; 1, 0, 0, 0, -1, 0, 0, 0; -1, 0, 0, 0, 0, 0, 0, 1; 0, -1, 0, 0, 0, 0, 1, 0; 0, 0, -1, 0, 0, 1, 0, 0; 0, 0, 0, -1, 1, 0, 0, 0]
CYCLE_LATTICE=[-1, -1, -1, -1, -1, 0, 0, 1, 0; 1, 0, 0, 0, 0, 0, 0, 0, -1; 0, 1, 0, 0, 0, -1, 0, 0, 0; 0, 0, 0, 0, -1, 1, -1, 0, 0; 1, 0, 0, 0, 0, 0, -1, -1, -1; -1, 0, 0, -1, 0, 0, 0, 0, 0; 0, 0, 0, 0, 0, 1, 0, 0, 0; 0, 0, -1, 0, 0, -1, 0, 0, 0; 0, 1, 0, 0, 0, 0, 0, 0, 1; 0, -1, -1, 0, 0, 0, 0, 1, 0; 0, 0, 0, 0, 0, 0, -1, 0, 0; 0, 0, 0, -1, 0, 0, 0, 0, 0; 0, 0, 1, 1, 1, 0, 1, 0, 0; 0, 0, 0, 0, -1, 0, 0, 0, 0; 0, 0, 0, 0, 0, 0, 0, -1, 0; 0, 0, 0, 0, 0, 0, 0, 0, -1]
FACE_COORDINATES=[0, 0, 1, 0, -1, 0, 0, 0; 0, 0, 0, 0, 1, 0, 0, -1; 0, 0, 0, 0, -1, -1, 1, 1; -1, 0, 0, 0, 1, 0, 0, 0; 0, 1, 0, 0, 0, 0, -1, 0; 0, 0, 0, 0, 0, 1, 0, -1; 0, -1, 0, 0, 0, 1, 0, 0; 0, 0, 1, 0, 0, -1, 0, 0; 0, 0, 0, 1, -1, 0, 0, 0]
SMITH_LEFT=[-1, -1, 0, 0, 0, 1, 0, 1, 0; 0, 1, 1, 0, 1, 0, 1, 0, 0; 0, 0, 0, 1, 0, 0, 0, 0, 0; 0, 0, 0, 0, 0, 0, 0, 0, 1; 0, 0, 1, 0, 0, 0, 0, 0, 0; 0, 0, 0, 0, 0, 1, 0, 0, 0; 0, 0, 0, 0, 1, 0, 0, 0, 0; 1, 1, 0, 0, 0, -1, 0, 0, 0; 0, -1, -1, 0, -1, 0, 0, 0, 0]
FREE_ROWS=[1, 2]
H1_REPRESENTATIVES=[1, 0; 0, 0; 0, 0; 0, -1; -1, -1; 0, 0; 0, 0; 0, 0; 0, 0; 1, 0; 0, -1; 0, 0; 0, 1; 0, 0; -1, 0; 0, 0]
TRANSFER_C1=[1, 0, 0, 0, 0, 0, 0, 0, 0, 0, 0, 0, 0, 0, 0, 0; 0, 1, 0, 0, 0, 0, 0, 0, 0, 0, 0, 0, 0, 0, 0, 0; 1, 0, 0, 0, 0, 0, 0, 0, 0, 0, 0, 0, 0, 0, 0, 0; 0, 1, 0, 0, 0, 0, 0, 0, 0, 0, 0, 0, 0, 0, 0, 0; 0, 0, 1, 0, 0, 0, 0, 0, 0, 0, 0, 0, 0, 0, 0, 0; 0, 0, 0, 1, 0, 0, 0, 0, 0, 0, 0, 0, 0, 0, 0, 0; 0, 0, 1, 0, 0, 0, 0, 0, 0, 0, 0, 0, 0, 0, 0, 0; 0, 0, 0, 1, 0, 0, 0, 0, 0, 0, 0, 0, 0, 0, 0, 0; 0, 0, 0, 0, 1, 0, 0, 0, 0, 0, 0, 0, 0, 0, 0, 0; 0, 0, 0, 0, 0, 1, 0, 0, 0, 0, 0, 0, 0, 0, 0, 0; 0, 0, 0, 0, 1, 0, 0, 0, 0, 0, 0, 0, 0, 0, 0, 0; 0, 0, 0, 0, 0, 1, 0, 0, 0, 0, 0, 0, 0, 0, 0, 0; 0, 0, 0, 0, 0, 0, 1, 0, 0, 0, 0, 0, 0, 0, 0, 0; 0, 0, 0, 0, 0, 0, 0, 1, 0, 0, 0, 0, 0, 0, 0, 0; 0, 0, 0, 0, 0, 0, 1, 0, 0, 0, 0, 0, 0, 0, 0, 0; 0, 0, 0, 0, 0, 0, 0, 1, 0, 0, 0, 0, 0, 0, 0, 0; 0, 0, 0, 0, 0, 0, 0, 0, 0, 0, 0, 0, 0, 0, 0, 0; 0, 0, 0, 0, 0, 0, 0, 0, 0, 0, 0, 0, 0, 0, 0, 0; 0, 0, 0, 0, 0, 0, 0, 0, 0, 0, 0, 0, 0, 0, 0, 0; 0, 0, 0, 0, 0, 0, 0, 0, 0, 0, 0, 0, 0, 0, 0, 0; 0, 0, 0, 0, 0, 0, 0, 0, 0, 0, 0, 0, 0, 0, 0, 0; 0, 0, 0, 0, 0, 0, 0, 0, 0, 0, 0, 0, 0, 0, 0, 0; 0, 0, 0, 0, 0, 0, 0, 0, 0, 0, 0, 0, 0, 0, 0, 0; 0, 0, 0, 0, 0, 0, 0, 0, 0, 0, 0, 0, 0, 0, 0, 0; 0, 0, 0, 0, 0, 0, 0, 0, 1, 0, 0, 0, 0, 0, 0, 0; 0, 0, 0, 0, 0, 0, 0, 0, 0, 1, 0, 0, 0, 0, 0, 0; 0, 0, 0, 0, 0, 0, 0, 0, 0, 0, 1, 0, 0, 0, 0, 0; 0, 0, 0, 0, 0, 0, 0, 0, 0, 0, 0, 1, 0, 0, 0, 0; 0, 0, 0, 0, 0, 0, 0, 0, 1, 0, 0, 0, 0, 0, 0, 0; 0, 0, 0, 0, 0, 0, 0, 0, 0, 1, 0, 0, 0, 0, 0, 0; 0, 0, 0, 0, 0, 0, 0, 0, 0, 0, 1, 0, 0, 0, 0, 0; 0, 0, 0, 0, 0, 0, 0, 0, 0, 0, 0, 1, 0, 0, 0, 0; 0, 0, 0, 0, 0, 0, 0, 0, 0, 0, 0, 0, 1, 0, 0, 0; 0, 0, 0, 0, 0, 0, 0, 0, 0, 0, 0, 0, 0, 1, 0, 0; 0, 0, 0, 0, 0, 0, 0, 0, 0, 0, 0, 0, 0, 0, 1, 0; 0, 0, 0, 0, 0, 0, 0, 0, 0, 0, 0, 0, 0, 0, 0, 1; 0, 0, 0, 0, 0, 0, 0, 0, 0, 0, 0, 0, 1, 0, 0, 0; 0, 0, 0, 0, 0, 0, 0, 0, 0, 0, 0, 0, 0, 1, 0, 0; 0, 0, 0, 0, 0, 0, 0, 0, 0, 0, 0, 0, 0, 0, 1, 0; 0, 0, 0, 0, 0, 0, 0, 0, 0, 0, 0, 0, 0, 0, 0, 1]
TRANSFER_H1=[1, -1; 0, 1; -1, 0; 0, 1; 0, 0; -1, 0; 1, -1; 0, 0; 0, 0; 1, 0]
QUOTIENT 4 inertia=8
VERTICES=[0, 1, 2, 3, 4, 5, 6, 7]
EDGES=[[0, 1, 1], [2, 3, 1], [4, 5, 1], [6, 7, 1], [0, 2, 2], [1, 3, 2], [4, 6, 2], [5, 7, 2], [0, 4, 3], [1, 5, 3], [2, 6, 3], [3, 7, 3], [0, 7, 5], [1, 6, 5], [2, 5, 5], [3, 4, 5]]
D1=[-1, 0, 0, 0, -1, 0, 0, 0, -1, 0, 0, 0, -1, 0, 0, 0; 1, 0, 0, 0, 0, -1, 0, 0, 0, -1, 0, 0, 0, -1, 0, 0; 0, -1, 0, 0, 1, 0, 0, 0, 0, 0, -1, 0, 0, 0, -1, 0; 0, 1, 0, 0, 0, 1, 0, 0, 0, 0, 0, -1, 0, 0, 0, -1; 0, 0, -1, 0, 0, 0, -1, 0, 1, 0, 0, 0, 0, 0, 0, 1; 0, 0, 1, 0, 0, 0, 0, -1, 0, 1, 0, 0, 0, 0, 1, 0; 0, 0, 0, -1, 0, 0, 1, 0, 0, 0, 1, 0, 0, 1, 0, 0; 0, 0, 0, 1, 0, 0, 0, 1, 0, 0, 0, 1, 1, 0, 0, 0]
D2=[1, -1, 0, 0, 0, 0, 0, 0; 0, 0, 1, -1, 0, 0, 0, 0; 0, 0, 0, 0, 1, -1, 0, 0; 0, 0, 0, 0, 0, 0, 1, -1; 0, 1, 0, -1, 0, 0, 0, 0; 1, 0, -1, 0, 0, 0, 0, 0; 0, 0, 0, 0, 0, 1, 0, -1; 0, 0, 0, 0, 1, 0, -1, 0; 0, 0, 0, 1, 0, 0, 0, -1; 0, 0, 1, 0, 0, 0, -1, 0; 0, 1, 0, 0, 0, -1, 0, 0; 1, 0, 0, 0, -1, 0, 0, 0; -1, 0, 0, 0, 0, 0, 0, 1; 0, -1, 0, 0, 0, 0, 1, 0; 0, 0, -1, 0, 0, 1, 0, 0; 0, 0, 0, -1, 1, 0, 0, 0]
CYCLE_LATTICE=[-1, -1, -1, -1, -1, 0, 0, 1, 0; 1, 0, 0, 0, 0, 0, 0, 0, -1; 0, 1, 0, 0, 0, -1, 0, 0, 0; 0, 0, 0, 0, -1, 1, -1, 0, 0; 1, 0, 0, 0, 0, 0, -1, -1, -1; -1, 0, 0, -1, 0, 0, 0, 0, 0; 0, 0, 0, 0, 0, 1, 0, 0, 0; 0, 0, -1, 0, 0, -1, 0, 0, 0; 0, 1, 0, 0, 0, 0, 0, 0, 1; 0, -1, -1, 0, 0, 0, 0, 1, 0; 0, 0, 0, 0, 0, 0, -1, 0, 0; 0, 0, 0, -1, 0, 0, 0, 0, 0; 0, 0, 1, 1, 1, 0, 1, 0, 0; 0, 0, 0, 0, -1, 0, 0, 0, 0; 0, 0, 0, 0, 0, 0, 0, -1, 0; 0, 0, 0, 0, 0, 0, 0, 0, -1]
FACE_COORDINATES=[0, 0, 1, 0, -1, 0, 0, 0; 0, 0, 0, 0, 1, 0, 0, -1; 0, 0, 0, 0, -1, -1, 1, 1; -1, 0, 0, 0, 1, 0, 0, 0; 0, 1, 0, 0, 0, 0, -1, 0; 0, 0, 0, 0, 0, 1, 0, -1; 0, -1, 0, 0, 0, 1, 0, 0; 0, 0, 1, 0, 0, -1, 0, 0; 0, 0, 0, 1, -1, 0, 0, 0]
SMITH_LEFT=[-1, -1, 0, 0, 0, 1, 0, 1, 0; 0, 1, 1, 0, 1, 0, 1, 0, 0; 0, 0, 0, 1, 0, 0, 0, 0, 0; 0, 0, 0, 0, 0, 0, 0, 0, 1; 0, 0, 1, 0, 0, 0, 0, 0, 0; 0, 0, 0, 0, 0, 1, 0, 0, 0; 0, 0, 0, 0, 1, 0, 0, 0, 0; 1, 1, 0, 0, 0, -1, 0, 0, 0; 0, -1, -1, 0, -1, 0, 0, 0, 0]
FREE_ROWS=[1, 2]
H1_REPRESENTATIVES=[1, 0; 0, 0; 0, 0; 0, -1; -1, -1; 0, 0; 0, 0; 0, 0; 0, 0; 1, 0; 0, -1; 0, 0; 0, 1; 0, 0; -1, 0; 0, 0]
TRANSFER_C1=[1, 0, 0, 0, 0, 0, 0, 0, 0, 0, 0, 0, 0, 0, 0, 0; 0, 1, 0, 0, 0, 0, 0, 0, 0, 0, 0, 0, 0, 0, 0, 0; 0, 0, 1, 0, 0, 0, 0, 0, 0, 0, 0, 0, 0, 0, 0, 0; 0, 0, 0, 1, 0, 0, 0, 0, 0, 0, 0, 0, 0, 0, 0, 0; 1, 0, 0, 0, 0, 0, 0, 0, 0, 0, 0, 0, 0, 0, 0, 0; 0, 1, 0, 0, 0, 0, 0, 0, 0, 0, 0, 0, 0, 0, 0, 0; 0, 0, 1, 0, 0, 0, 0, 0, 0, 0, 0, 0, 0, 0, 0, 0; 0, 0, 0, 1, 0, 0, 0, 0, 0, 0, 0, 0, 0, 0, 0, 0; 0, 0, 0, 0, 1, 0, 0, 0, 0, 0, 0, 0, 0, 0, 0, 0; 0, 0, 0, 0, 0, 1, 0, 0, 0, 0, 0, 0, 0, 0, 0, 0; 0, 0, 0, 0, 0, 0, 1, 0, 0, 0, 0, 0, 0, 0, 0, 0; 0, 0, 0, 0, 0, 0, 0, 1, 0, 0, 0, 0, 0, 0, 0, 0; 0, 0, 0, 0, 1, 0, 0, 0, 0, 0, 0, 0, 0, 0, 0, 0; 0, 0, 0, 0, 0, 1, 0, 0, 0, 0, 0, 0, 0, 0, 0, 0; 0, 0, 0, 0, 0, 0, 1, 0, 0, 0, 0, 0, 0, 0, 0, 0; 0, 0, 0, 0, 0, 0, 0, 1, 0, 0, 0, 0, 0, 0, 0, 0; 0, 0, 0, 0, 0, 0, 0, 0, 1, 0, 0, 0, 0, 0, 0, 0; 0, 0, 0, 0, 0, 0, 0, 0, 0, 1, 0, 0, 0, 0, 0, 0; 0, 0, 0, 0, 0, 0, 0, 0, 0, 0, 1, 0, 0, 0, 0, 0; 0, 0, 0, 0, 0, 0, 0, 0, 0, 0, 0, 1, 0, 0, 0, 0; 0, 0, 0, 0, 0, 0, 0, 0, 1, 0, 0, 0, 0, 0, 0, 0; 0, 0, 0, 0, 0, 0, 0, 0, 0, 1, 0, 0, 0, 0, 0, 0; 0, 0, 0, 0, 0, 0, 0, 0, 0, 0, 1, 0, 0, 0, 0, 0; 0, 0, 0, 0, 0, 0, 0, 0, 0, 0, 0, 1, 0, 0, 0, 0; 0, 0, 0, 0, 0, 0, 0, 0, 0, 0, 0, 0, 0, 0, 0, 0; 0, 0, 0, 0, 0, 0, 0, 0, 0, 0, 0, 0, 0, 0, 0, 0; 0, 0, 0, 0, 0, 0, 0, 0, 0, 0, 0, 0, 0, 0, 0, 0; 0, 0, 0, 0, 0, 0, 0, 0, 0, 0, 0, 0, 0, 0, 0, 0; 0, 0, 0, 0, 0, 0, 0, 0, 0, 0, 0, 0, 0, 0, 0, 0; 0, 0, 0, 0, 0, 0, 0, 0, 0, 0, 0, 0, 0, 0, 0, 0; 0, 0, 0, 0, 0, 0, 0, 0, 0, 0, 0, 0, 0, 0, 0, 0; 0, 0, 0, 0, 0, 0, 0, 0, 0, 0, 0, 0, 0, 0, 0, 0; 0, 0, 0, 0, 0, 0, 0, 0, 0, 0, 0, 0, 1, 0, 0, 0; 0, 0, 0, 0, 0, 0, 0, 0, 0, 0, 0, 0, 0, 1, 0, 0; 0, 0, 0, 0, 0, 0, 0, 0, 0, 0, 0, 0, 0, 0, 1, 0; 0, 0, 0, 0, 0, 0, 0, 0, 0, 0, 0, 0, 0, 0, 0, 1; 0, 0, 0, 0, 0, 0, 0, 0, 0, 0, 0, 0, 0, 0, 0, -1; 0, 0, 0, 0, 0, 0, 0, 0, 0, 0, 0, 0, 0, 0, -1, 0; 0, 0, 0, 0, 0, 0, 0, 0, 0, 0, 0, 0, 0, -1, 0, 0; 0, 0, 0, 0, 0, 0, 0, 0, 0, 0, 0, 0, -1, 0, 0, 0]
TRANSFER_H1=[0, 0; 1, 0; 1, 0; 0, 0; 0, -1; 1, -1; -1, 1; -1, 1; 0, 0; -1, 1]
QUOTIENT 5 inertia=15
VERTICES=[0, 1, 2, 3, 4, 5, 6, 7]
EDGES=[[0, 1, 1], [2, 3, 1], [4, 5, 1], [6, 7, 1], [0, 2, 2], [1, 3, 2], [4, 6, 2], [5, 7, 2], [0, 4, 3], [1, 5, 3], [2, 6, 3], [3, 7, 3], [0, 7, 4], [1, 6, 4], [2, 5, 4], [3, 4, 4]]
D1=[-1, 0, 0, 0, -1, 0, 0, 0, -1, 0, 0, 0, -1, 0, 0, 0; 1, 0, 0, 0, 0, -1, 0, 0, 0, -1, 0, 0, 0, -1, 0, 0; 0, -1, 0, 0, 1, 0, 0, 0, 0, 0, -1, 0, 0, 0, -1, 0; 0, 1, 0, 0, 0, 1, 0, 0, 0, 0, 0, -1, 0, 0, 0, -1; 0, 0, -1, 0, 0, 0, -1, 0, 1, 0, 0, 0, 0, 0, 0, 1; 0, 0, 1, 0, 0, 0, 0, -1, 0, 1, 0, 0, 0, 0, 1, 0; 0, 0, 0, -1, 0, 0, 1, 0, 0, 0, 1, 0, 0, 1, 0, 0; 0, 0, 0, 1, 0, 0, 0, 1, 0, 0, 0, 1, 1, 0, 0, 0]
D2=[1, -1, 0, 0, 0, 0, 0, 0; 0, 0, 1, -1, 0, 0, 0, 0; 0, 0, 0, 0, 1, -1, 0, 0; 0, 0, 0, 0, 0, 0, 1, -1; 0, 1, 0, -1, 0, 0, 0, 0; 1, 0, -1, 0, 0, 0, 0, 0; 0, 0, 0, 0, 0, 1, 0, -1; 0, 0, 0, 0, 1, 0, -1, 0; 0, 0, 0, 1, 0, 0, 0, -1; 0, 0, 1, 0, 0, 0, -1, 0; 0, 1, 0, 0, 0, -1, 0, 0; 1, 0, 0, 0, -1, 0, 0, 0; -1, 0, 0, 0, 0, 0, 0, 1; 0, -1, 0, 0, 0, 0, 1, 0; 0, 0, -1, 0, 0, 1, 0, 0; 0, 0, 0, -1, 1, 0, 0, 0]
CYCLE_LATTICE=[-1, -1, -1, -1, -1, 0, 0, 1, 0; 1, 0, 0, 0, 0, 0, 0, 0, -1; 0, 1, 0, 0, 0, -1, 0, 0, 0; 0, 0, 0, 0, -1, 1, -1, 0, 0; 1, 0, 0, 0, 0, 0, -1, -1, -1; -1, 0, 0, -1, 0, 0, 0, 0, 0; 0, 0, 0, 0, 0, 1, 0, 0, 0; 0, 0, -1, 0, 0, -1, 0, 0, 0; 0, 1, 0, 0, 0, 0, 0, 0, 1; 0, -1, -1, 0, 0, 0, 0, 1, 0; 0, 0, 0, 0, 0, 0, -1, 0, 0; 0, 0, 0, -1, 0, 0, 0, 0, 0; 0, 0, 1, 1, 1, 0, 1, 0, 0; 0, 0, 0, 0, -1, 0, 0, 0, 0; 0, 0, 0, 0, 0, 0, 0, -1, 0; 0, 0, 0, 0, 0, 0, 0, 0, -1]
FACE_COORDINATES=[0, 0, 1, 0, -1, 0, 0, 0; 0, 0, 0, 0, 1, 0, 0, -1; 0, 0, 0, 0, -1, -1, 1, 1; -1, 0, 0, 0, 1, 0, 0, 0; 0, 1, 0, 0, 0, 0, -1, 0; 0, 0, 0, 0, 0, 1, 0, -1; 0, -1, 0, 0, 0, 1, 0, 0; 0, 0, 1, 0, 0, -1, 0, 0; 0, 0, 0, 1, -1, 0, 0, 0]
SMITH_LEFT=[-1, -1, 0, 0, 0, 1, 0, 1, 0; 0, 1, 1, 0, 1, 0, 1, 0, 0; 0, 0, 0, 1, 0, 0, 0, 0, 0; 0, 0, 0, 0, 0, 0, 0, 0, 1; 0, 0, 1, 0, 0, 0, 0, 0, 0; 0, 0, 0, 0, 0, 1, 0, 0, 0; 0, 0, 0, 0, 1, 0, 0, 0, 0; 1, 1, 0, 0, 0, -1, 0, 0, 0; 0, -1, -1, 0, -1, 0, 0, 0, 0]
FREE_ROWS=[1, 2]
H1_REPRESENTATIVES=[1, 0; 0, 0; 0, 0; 0, -1; -1, -1; 0, 0; 0, 0; 0, 0; 0, 0; 1, 0; 0, -1; 0, 0; 0, 1; 0, 0; -1, 0; 0, 0]
TRANSFER_C1=[1, 0, 0, 0, 0, 0, 0, 0, 0, 0, 0, 0, 0, 0, 0, 0; 0, 1, 0, 0, 0, 0, 0, 0, 0, 0, 0, 0, 0, 0, 0, 0; 0, 0, 1, 0, 0, 0, 0, 0, 0, 0, 0, 0, 0, 0, 0, 0; 0, 0, 0, 1, 0, 0, 0, 0, 0, 0, 0, 0, 0, 0, 0, 0; 0, 0, 0, -1, 0, 0, 0, 0, 0, 0, 0, 0, 0, 0, 0, 0; 0, 0, -1, 0, 0, 0, 0, 0, 0, 0, 0, 0, 0, 0, 0, 0; 0, -1, 0, 0, 0, 0, 0, 0, 0, 0, 0, 0, 0, 0, 0, 0; -1, 0, 0, 0, 0, 0, 0, 0, 0, 0, 0, 0, 0, 0, 0, 0; 0, 0, 0, 0, 1, 0, 0, 0, 0, 0, 0, 0, 0, 0, 0, 0; 0, 0, 0, 0, 0, 1, 0, 0, 0, 0, 0, 0, 0, 0, 0, 0; 0, 0, 0, 0, 0, 0, 1, 0, 0, 0, 0, 0, 0, 0, 0, 0; 0, 0, 0, 0, 0, 0, 0, 1, 0, 0, 0, 0, 0, 0, 0, 0; 0, 0, 0, 0, 0, 0, 0, -1, 0, 0, 0, 0, 0, 0, 0, 0; 0, 0, 0, 0, 0, 0, -1, 0, 0, 0, 0, 0, 0, 0, 0, 0; 0, 0, 0, 0, 0, -1, 0, 0, 0, 0, 0, 0, 0, 0, 0, 0; 0, 0, 0, 0, -1, 0, 0, 0, 0, 0, 0, 0, 0, 0, 0, 0; 0, 0, 0, 0, 0, 0, 0, 0, 1, 0, 0, 0, 0, 0, 0, 0; 0, 0, 0, 0, 0, 0, 0, 0, 0, 1, 0, 0, 0, 0, 0, 0; 0, 0, 0, 0, 0, 0, 0, 0, 0, 0, 1, 0, 0, 0, 0, 0; 0, 0, 0, 0, 0, 0, 0, 0, 0, 0, 0, 1, 0, 0, 0, 0; 0, 0, 0, 0, 0, 0, 0, 0, 0, 0, 0, -1, 0, 0, 0, 0; 0, 0, 0, 0, 0, 0, 0, 0, 0, 0, -1, 0, 0, 0, 0, 0; 0, 0, 0, 0, 0, 0, 0, 0, 0, -1, 0, 0, 0, 0, 0, 0; 0, 0, 0, 0, 0, 0, 0, 0, -1, 0, 0, 0, 0, 0, 0, 0; 0, 0, 0, 0, 0, 0, 0, 0, 0, 0, 0, 0, 1, 0, 0, 0; 0, 0, 0, 0, 0, 0, 0, 0, 0, 0, 0, 0, 0, 1, 0, 0; 0, 0, 0, 0, 0, 0, 0, 0, 0, 0, 0, 0, 0, 0, 1, 0; 0, 0, 0, 0, 0, 0, 0, 0, 0, 0, 0, 0, 0, 0, 0, 1; 0, 0, 0, 0, 0, 0, 0, 0, 0, 0, 0, 0, 0, 0, 0, -1; 0, 0, 0, 0, 0, 0, 0, 0, 0, 0, 0, 0, 0, 0, -1, 0; 0, 0, 0, 0, 0, 0, 0, 0, 0, 0, 0, 0, 0, -1, 0, 0; 0, 0, 0, 0, 0, 0, 0, 0, 0, 0, 0, 0, -1, 0, 0, 0; 0, 0, 0, 0, 0, 0, 0, 0, 0, 0, 0, 0, 0, 0, 0, 0; 0, 0, 0, 0, 0, 0, 0, 0, 0, 0, 0, 0, 0, 0, 0, 0; 0, 0, 0, 0, 0, 0, 0, 0, 0, 0, 0, 0, 0, 0, 0, 0; 0, 0, 0, 0, 0, 0, 0, 0, 0, 0, 0, 0, 0, 0, 0, 0; 0, 0, 0, 0, 0, 0, 0, 0, 0, 0, 0, 0, 0, 0, 0, 0; 0, 0, 0, 0, 0, 0, 0, 0, 0, 0, 0, 0, 0, 0, 0, 0; 0, 0, 0, 0, 0, 0, 0, 0, 0, 0, 0, 0, 0, 0, 0, 0; 0, 0, 0, 0, 0, 0, 0, 0, 0, 0, 0, 0, 0, 0, 0, 0]
TRANSFER_H1=[-1, 0; 1, 0; 0, 0; 0, 1; 0, 0; 0, 0; 0, 0; -1, 0; 0, -1; 0, 1]
TRANSFER_MATRIX=[0, 0, -1, 1, 1, -1, 0, 0, -1, 0; 0, 0, 0, -1, 0, 1, 1, 0, 1, 0; 0, 0, -1, 0, -1, 0, 1, 0, 0, 0; -1, -1, 1, 1, 0, 1, 0, 0, 0, 1; 1, 1, -1, -1, 0, 0, 0, -1, 0, 0; 1, 1, 0, -1, -1, 0, 1, -1, 0, 0; -1, 0, 0, 2, 1, -1, -1, 1, 0, 0; -1, 0, 1, 1, 0, 0, -1, 1, -1, 0; 1, 0, -1, 0, 0, 0, 0, 0, 0, -1; 0, -1, 1, 1, 1, 0, -1, 1, 0, 1]
SMITH_INVARIANTS=[2, 2, 2, 2, 2, 1, 1, 1, 1, 1]
BINARY_KERNEL_COLUMNS=[1, 1, 0, 0, 1; 0, 1, 0, 1, 0; 1, 1, 0, 0, 0; 0, 1, 1, 1, 1; 1, 0, 0, 0, 0; 0, 0, 1, 0, 1; 0, 1, 0, 0, 0; 0, 0, 1, 0, 0; 0, 0, 0, 1, 0; 0, 0, 0, 0, 1]
SYMPLECTIC_GRAM=[0, 0, 0, 0, 0; 0, 0, 0, 0, 0; 0, 0, 0, 0, 0; 0, 0, 0, 0, 0; 0, 0, 0, 0, 0]
ALL_BINARY_KERNEL_ELEMENTS=[[0, 0, 0, 0, 0, 0, 0, 0, 0, 0], [1, 0, 1, 0, 1, 0, 0, 0, 0, 0], [1, 1, 1, 1, 0, 0, 1, 0, 0, 0], [0, 1, 0, 1, 1, 0, 1, 0, 0, 0], [0, 0, 0, 1, 0, 1, 0, 1, 0, 0], [1, 0, 1, 1, 1, 1, 0, 1, 0, 0], [1, 1, 1, 0, 0, 1, 1, 1, 0, 0], [0, 1, 0, 0, 1, 1, 1, 1, 0, 0], [0, 1, 0, 1, 0, 0, 0, 0, 1, 0], [1, 1, 1, 1, 1, 0, 0, 0, 1, 0], [1, 0, 1, 0, 0, 0, 1, 0, 1, 0], [0, 0, 0, 0, 1, 0, 1, 0, 1, 0], [0, 1, 0, 0, 0, 1, 0, 1, 1, 0], [1, 1, 1, 0, 1, 1, 0, 1, 1, 0], [1, 0, 1, 1, 0, 1, 1, 1, 1, 0], [0, 0, 0, 1, 1, 1, 1, 1, 1, 0], [1, 0, 0, 1, 0, 1, 0, 0, 0, 1], [0, 0, 1, 1, 1, 1, 0, 0, 0, 1], [0, 1, 1, 0, 0, 1, 1, 0, 0, 1], [1, 1, 0, 0, 1, 1, 1, 0, 0, 1], [1, 0, 0, 0, 0, 0, 0, 1, 0, 1], [0, 0, 1, 0, 1, 0, 0, 1, 0, 1], [0, 1, 1, 1, 0, 0, 1, 1, 0, 1], [1, 1, 0, 1, 1, 0, 1, 1, 0, 1], [1, 1, 0, 0, 0, 1, 0, 0, 1, 1], [0, 1, 1, 0, 1, 1, 0, 0, 1, 1], [0, 0, 1, 1, 0, 1, 1, 0, 1, 1], [1, 0, 0, 1, 1, 1, 1, 0, 1, 1], [1, 1, 0, 1, 0, 0, 0, 1, 1, 1], [0, 1, 1, 1, 1, 0, 0, 1, 1, 1], [0, 0, 1, 0, 0, 0, 1, 1, 1, 1], [1, 0, 0, 0, 1, 0, 1, 1, 1, 1]]
BLOCK_WEIGHT_DISTRIBUTION_0_TO_5=[1, 0, 0, 10, 15, 6]
CONTROL changed first bit: rejected by transfer-kernel equation
PASS fixed cellular model; all five chain maps; integral bases; index32; kernel dimension5; isotropy
