(m,n)=(5,5) b=[-3, -1, 0, 2, 5] c=[-4, -2, 1, 3, 4]: orders [0, 1, 1, 2, 2, 3, 3, 4, 4, 7, 7, 8, 8, 9, 9, 10, 12, 13, 13, 14, 14, 17, 17, 18, 20] (sum 216); cheapest costs [0, 1, 1, 2, 2, 3, 3, 4, 4, 7, 7, 8, 8, 9, 9, 10, 10, 13, 13, 14, 14, 15, 15, 16, 16] (sum 204)
  max poles (12, 12)
   x=0: [1, 2, 3, 4, 5, 6, 7, 8, 9, 10, 11, 12, 13]
   x=1: [2, 3, 4, 5, 6, 7, 8, 9, 10, 11, 12, 13, 14]
   x=2: [3, 4, 5, 6, 7, 8, 9, 10, 11, 12, 13, 14, 15]
   x=3: [4, 5, 6, 7, 8, 9, 10, 11, 12, 13, 14, 15, 16]
   x=4: [5, 6, 7, 8, 9, 10, 11, 12, 13, 14, 15, 16, 17]
   x=5: [6, 7, 8, 9, 10, 11, 12, 13, 14, 15, 16, 17, 18]
   x=6: [7, 8, 9, 10, 11, 12, 13, 14, 15, 16, 17, 18, 19]
   x=7: [8, 9, 10, 11, 12, 13, 14, 15, 16, 17, 18, 19, 20]
   x=8: [9, 10, 11, 12, 13, 14, 15, 16, 17, 18, 19, 20, 21]
   x=9: [10, 11, 12, 13, 14, 15, 16, 17, 18, 19, 20, 21, 22]
   x=10: [11, 12, 13, 14, 15, 16, 17, 18, 19, 20, 21, 22, 23]
   x=11: [12, 13, 14, 15, 16, 17, 18, 19, 20, 21, 22, 23, 24]
   x=12: [13, 14, 15, 16, 17, 18, 19, 20, 21, 22, 23, 24, 25]
(m,n)=(4,6) b=[-2, -1, 1, 3] c=[-5, -2, 0, 1, 3, 4]: orders [0, 1, 1, 2, 2, 3, 3, 4, 5, 6, 7, 8, 8, 9, 10, 11, 11, 12, 14, 15, 15, 16, 18, 19] (sum 200); cheapest costs [0, 1, 1, 2, 2, 3, 3, 4, 5, 6, 7, 8, 8, 9, 10, 11, 11, 12, 12, 13, 15, 16, 16, 17] (sum 192)
  max poles (11, 13)
   x=0: [1, 2, 3, 4, 5, 6, 7, 8, 9, 10, 11, 12, 13, 13]
   x=1: [2, 3, 4, 5, 6, 7, 8, 9, 10, 11, 12, 13, 14, 14]
   x=2: [3, 4, 5, 6, 7, 8, 9, 10, 11, 12, 13, 14, 15, 15]
   x=3: [4, 5, 6, 7, 8, 9, 10, 11, 12, 13, 14, 15, 16, 16]
   x=4: [5, 6, 7, 8, 9, 10, 11, 12, 13, 14, 15, 16, 17, 17]
   x=5: [6, 7, 8, 9, 10, 11, 12, 13, 14, 15, 16, 17, 18, 18]
   x=6: [7, 8, 9, 10, 11, 12, 13, 14, 15, 16, 17, 18, 19, 19]
   x=7: [8, 9, 10, 11, 12, 13, 14, 15, 16, 17, 18, 19, 20, 20]
   x=8: [9, 10, 11, 12, 13, 14, 15, 16, 17, 18, 19, 20, 21, 21]
   x=9: [10, 11, 12, 13, 14, 15, 16, 17, 18, 19, 20, 21, 22, 22]
   x=10: [11, 12, 13, 14, 15, 16, 17, 18, 19, 20, 21, 22, 23, 23]
   x=11: [11, 12, 13, 14, 15, 16, 17, 18, 19, 20, 21, 22, 23, 24]
(m,n)=(3,7) b=[-1, 0, 2] c=[-6, -3, -1, 0, 2, 4, 5]: orders [0, 1, 1, 2, 2, 3, 4, 5, 5, 6, 6, 9, 9, 10, 10, 11, 12, 13, 15, 16, 16] (sum 156); cheapest costs [0, 1, 1, 2, 2, 3, 4, 5, 5, 6, 6, 9, 9, 10, 10, 11, 12, 13, 13, 14, 14] (sum 150)
  max poles (8, 12)
   x=0: [1, 2, 3, 4, 5, 6, 7, 8, 9, 10, 11, 12, 13]
   x=1: [2, 3, 4, 5, 6, 7, 8, 9, 10, 11, 12, 13, 14]
   x=2: [3, 4, 5, 6, 7, 8, 9, 10, 11, 12, 13, 14, 15]
   x=3: [4, 5, 6, 7, 8, 9, 10, 11, 12, 13, 14, 15, 16]
   x=4: [5, 6, 7, 8, 9, 10, 11, 12, 13, 14, 15, 16, 17]
   x=5: [6, 7, 8, 9, 10, 11, 12, 13, 14, 15, 16, 17, 18]
   x=6: [7, 8, 9, 10, 11, 12, 13, 14, 15, 16, 17, 18, 19]
   x=7: [8, 9, 10, 11, 12, 13, 14, 15, 16, 17, 18, 19, 20]
   x=8: [9, 10, 11, 12, 13, 14, 15, 16, 17, 18, 19, 20, 21]
