(m,n)=(3,3) b=[-1, 0, 2] c=[-2, 1, 3]: orders [0, 1, 1, 2, 2, 5, 5, 6, 8] (sum 30); cheapest costs [0, 1, 1, 2, 2, 5, 5, 6, 6] (sum 28)
  max poles (4, 4)
   x=0: [1, 2, 3, 4, 5]
   x=1: [2, 3, 4, 5, 6]
   x=2: [3, 4, 5, 6, 7]
   x=3: [4, 5, 6, 7, 8]
   x=4: [5, 6, 7, 8, 9]
(m,n)=(3,3) b=[-3, 1, 4] c=[0, 2, 5]: orders [0, 1, 1, 2, 2, 5, 5, 6, 8] (sum 30); cheapest costs [0, 1, 1, 2, 2, 5, 5, 6, 6] (sum 28)
  max poles (4, 4)
   x=0: [1, 2, 3, 4, 5]
   x=1: [2, 3, 4, 5, 6]
   x=2: [3, 4, 5, 6, 7]
   x=3: [4, 5, 6, 7, 8]
   x=4: [5, 6, 7, 8, 9]
(m,n)=(3,4) b=[-1, 0, 2] c=[-3, -1, 1, 4]: orders [0, 1, 1, 2, 2, 3, 5, 6, 6, 7, 9, 10] (sum 52); cheapest costs [0, 1, 1, 2, 2, 3, 5, 6, 6, 7, 8, 9] (sum 50)
  max poles (5, 6)
   x=0: [1, 2, 3, 4, 5, 6, 7]
   x=1: [2, 3, 4, 5, 6, 7, 8]
   x=2: [3, 4, 5, 6, 7, 8, 9]
   x=3: [4, 5, 6, 7, 8, 9, 10]
   x=4: [5, 6, 7, 8, 9, 10, 11]
   x=5: [6, 7, 8, 9, 10, 11, 12]
(m,n)=(3,4) b=[-2, 1, 3] c=[-2, 0, 1, 5]: orders [0, 1, 1, 2, 2, 3, 5, 6, 6, 7, 9, 10] (sum 52); cheapest costs [0, 1, 1, 2, 2, 3, 5, 6, 6, 7, 8, 9] (sum 50)
  max poles (5, 6)
   x=0: [1, 2, 3, 4, 5, 6, 7]
   x=1: [2, 3, 4, 5, 6, 7, 8]
   x=2: [3, 4, 5, 6, 7, 8, 9]
   x=3: [4, 5, 6, 7, 8, 9, 10]
   x=4: [5, 6, 7, 8, 9, 10, 11]
   x=5: [6, 7, 8, 9, 10, 11, 12]
(m,n)=(3,5) b=[-1, 0, 2] c=[-4, -1, 0, 2, 5]: orders [0, 1, 1, 2, 2, 3, 4, 5, 6, 7, 8, 9, 9, 12, 12] (sum 81); cheapest costs [0, 1, 1, 2, 2, 3, 4, 5, 6, 7, 8, 9, 9, 10, 10] (sum 77)
  max poles (6, 8)
   x=0: [1, 2, 3, 4, 5, 6, 7, 8, 9]
   x=1: [2, 3, 4, 5, 6, 7, 8, 9, 10]
   x=2: [3, 4, 5, 6, 7, 8, 9, 10, 11]
   x=3: [4, 5, 6, 7, 8, 9, 10, 11, 12]
   x=4: [5, 6, 7, 8, 9, 10, 11, 12, 13]
   x=5: [6, 7, 8, 9, 10, 11, 12, 13, 14]
   x=6: [7, 8, 9, 10, 11, 12, 13, 14, 15]
(m,n)=(3,6) b=[-1, 0, 2] c=[-5, -2, 0, 1, 3, 4]: orders [0, 1, 1, 2, 2, 3, 4, 5, 5, 6, 8, 9, 9, 10, 10, 13, 13, 14] (sum 115); cheapest costs [0, 1, 1, 2, 2, 3, 4, 5, 5, 6, 8, 9, 9, 10, 10, 11, 12, 13] (sum 111)
  max poles (7, 10)
   x=0: [1, 2, 3, 4, 5, 6, 7, 8, 9, 10, 11]
   x=1: [2, 3, 4, 5, 6, 7, 8, 9, 10, 11, 12]
   x=2: [3, 4, 5, 6, 7, 8, 9, 10, 11, 12, 13]
   x=3: [4, 5, 6, 7, 8, 9, 10, 11, 12, 13, 14]
   x=4: [5, 6, 7, 8, 9, 10, 11, 12, 13, 14, 15]
   x=5: [6, 7, 8, 9, 10, 11, 12, 13, 14, 15, 16]
   x=6: [7, 8, 9, 10, 11, 12, 13, 14, 15, 16, 17]
   x=7: [8, 9, 10, 11, 12, 13, 14, 15, 16, 17, 18]
(m,n)=(4,4) b=[-2, -1, 1, 3] c=[-3, 0, 1, 4]: orders [0, 1, 1, 2, 2, 3, 3, 6, 6, 7, 7, 8, 10, 11, 11, 14] (sum 92); cheapest costs [0, 1, 1, 2, 2, 3, 3, 6, 6, 7, 7, 8, 8, 11, 11, 12] (sum 88)
  max poles (8, 8)
   x=0: [1, 2, 3, 4, 5, 6, 7, 8, 8]
   x=1: [2, 3, 4, 5, 6, 7, 8, 9, 9]
   x=2: [3, 4, 5, 6, 7, 8, 9, 10, 10]
   x=3: [4, 5, 6, 7, 8, 9, 10, 11, 11]
   x=4: [5, 6, 7, 8, 9, 10, 11, 12, 12]
   x=5: [6, 7, 8, 9, 10, 11, 12, 13, 13]
   x=6: [7, 8, 9, 10, 11, 12, 13, 14, 14]
   x=7: [8, 9, 10, 11, 12, 13, 14, 15, 15]
   x=8: [8, 9, 10, 11, 12, 13, 14, 15, 16]
(m,n)=(4,5) b=[-2, -1, 1, 3] c=[-4, -1, 0, 2, 5]: orders [0, 1, 1, 2, 2, 3, 3, 4, 6, 7, 7, 8, 8, 9, 11, 12, 12, 13, 15, 16] (sum 140); cheapest costs [0, 1, 1, 2, 2, 3, 3, 4, 6, 7, 7, 8, 8, 9, 10, 11, 12, 13, 13, 14] (sum 134)
  max poles (9, 10)
   x=0: [1, 2, 3, 4, 5, 6, 7, 8, 9, 10, 11]
   x=1: [2, 3, 4, 5, 6, 7, 8, 9, 10, 11, 12]
   x=2: [3, 4, 5, 6, 7, 8, 9, 10, 11, 12, 13]
   x=3: [4, 5, 6, 7, 8, 9, 10, 11, 12, 13, 14]
   x=4: [5, 6, 7, 8, 9, 10, 11, 12, 13, 14, 15]
   x=5: [6, 7, 8, 9, 10, 11, 12, 13, 14, 15, 16]
   x=6: [7, 8, 9, 10, 11, 12, 13, 14, 15, 16, 17]
   x=7: [8, 9, 10, 11, 12, 13, 14, 15, 16, 17, 18]
   x=8: [9, 10, 11, 12, 13, 14, 15, 16, 17, 18, 19]
   x=9: [10, 11, 12, 13, 14, 15, 16, 17, 18, 19, 20]
