2x3 r=1: [s_nu*]H = -7/144, support size 2, not dominated by nu*: 0
    normalized expansion: [[[2, 0, 0], 1], [[1, 1, 0], -2]]
2x3 r=2: [s_nu*]H = -49/12288, support size 5, not dominated by nu*: 0
    normalized expansion: [[[4, 2, 0], 1], [[3, 3, 0], -3], [[4, 1, 1], -3], [[3, 2, 1], 6], [[2, 2, 2], -15]]
2x4 r=1: [s_nu*]H = -9/320, support size 2, not dominated by nu*: 0
    normalized expansion: [[[2, 0, 0, 0], 1], [[1, 1, 0, 0], -5/3]]
2x4 r=2: [s_nu*]H = -231/204800, support size 7, not dominated by nu*: 0
    normalized expansion: [[[4, 2, 0, 0], 1], [[3, 3, 0, 0], -3], [[4, 1, 1, 0], -2], [[3, 2, 1, 0], 4], [[2, 2, 2, 0], -9], [[3, 1, 1, 1], -2], [[2, 2, 1, 1], 3]]
2x4 r=3: [s_nu*]H = 33033/419430400, support size 16, not dominated by nu*: 0
    normalized expansion: [[[6, 4, 2, 0], 1], [[5, 5, 2, 0], -3], [[6, 3, 3, 0], -3], [[5, 4, 3, 0], 6], [[4, 4, 4, 0], -15], [[6, 4, 1, 1], -3], [[5, 5, 1, 1], 9], [[6, 3, 2, 1], 6], [[5, 4, 2, 1], -12], [[5, 3, 3, 1], -9], [[4, 4, 3, 1], 27], [[6, 2, 2, 2], -15], [[5, 3, 2, 2], 27], [[4, 4, 2, 2], -6], [[4, 3, 3, 2], -45], [[3, 3, 3, 3], 105]]
2x5 r=2: [s_nu*]H = -1573/3584000, support size 7, not dominated by nu*: 0
    normalized expansion: [[[4, 2, 0, 0, 0], 1], [[3, 3, 0, 0, 0], -3], [[4, 1, 1, 0, 0], -5/3], [[3, 2, 1, 0, 0], 10/3], [[2, 2, 2, 0, 0], -7], [[3, 1, 1, 1, 0], -5/3], [[2, 2, 1, 1, 0], 7/3]]
2x5 r=3: [s_nu*]H = 224939/14680064000, support size 27, not dominated by nu*: 0
    normalized expansion: [[[6, 4, 2, 0, 0], 1], [[5, 5, 2, 0, 0], -3], [[6, 3, 3, 0, 0], -3], [[5, 4, 3, 0, 0], 6], [[4, 4, 4, 0, 0], -15], [[6, 4, 1, 1, 0], -2], [[5, 5, 1, 1, 0], 6], [[6, 3, 2, 1, 0], 4], [[5, 4, 2, 1, 0], -8], [[5, 3, 3, 1, 0], -6], [[4, 4, 3, 1, 0], 18], [[6, 2, 2, 2, 0], -9], [[5, 3, 2, 2, 0], 16], [[4, 4, 2, 2, 0], -3], [[4, 3, 3, 2, 0], -27], [[3, 3, 3, 3, 0], 60], [[6, 3, 1, 1, 1], -2], [[5, 4, 1, 1, 1], 4], [[6, 2, 2, 1, 1], 3], [[5, 3, 2, 1, 1], -2], [[4, 4, 2, 1, 1], -9], [[4, 3, 3, 1, 1], 9], [[5, 2, 2, 2, 1], -6], [[4, 3, 2, 2, 1], 12], [[3, 3, 3, 2, 1], -24], [[4, 2, 2, 2, 2], -9], [[3, 3, 2, 2, 2], 12]]
2x6 r=3: [s_nu*]H = 4519229/1035825315840, support size 34, not dominated by nu*: 0
    normalized expansion: [[[6, 4, 2, 0, 0, 0], 1], [[5, 5, 2, 0, 0, 0], -3], [[6, 3, 3, 0, 0, 0], -3], [[5, 4, 3, 0, 0, 0], 6], [[4, 4, 4, 0, 0, 0], -15], [[6, 4, 1, 1, 0, 0], -5/3], [[5, 5, 1, 1, 0, 0], 5], [[6, 3, 2, 1, 0, 0], 10/3], [[5, 4, 2, 1, 0, 0], -20/3], [[5, 3, 3, 1, 0, 0], -5], [[4, 4, 3, 1, 0, 0], 15], [[6, 2, 2, 2, 0, 0], -7], [[5, 3, 2, 2, 0, 0], 37/3], [[4, 4, 2, 2, 0, 0], -2], [[4, 3, 3, 2, 0, 0], -21], [[3, 3, 3, 3, 0, 0], 45], [[6, 3, 1, 1, 1, 0], -5/3], [[5, 4, 1, 1, 1, 0], 10/3], [[6, 2, 2, 1, 1, 0], 7/3], [[5, 3, 2, 1, 1, 0], -4/3], [[4, 4, 2, 1, 1, 0], -23/3], [[4, 3, 3, 1, 1, 0], 7], [[5, 2, 2, 2, 1, 0], -14/3], [[4, 3, 2, 2, 1, 0], 28/3], [[3, 3, 3, 2, 1, 0], -18], [[4, 2, 2, 2, 2, 0], -7], [[3, 3, 2, 2, 2, 0], 9], [[5, 3, 1, 1, 1, 1], -5/3], [[4, 4, 1, 1, 1, 1], 5], [[5, 2, 2, 1, 1, 1], 7/3], [[4, 3, 2, 1, 1, 1], -14/3], [[3, 3, 3, 1, 1, 1], 9], [[4, 2, 2, 2, 1, 1], 7/3], [[3, 3, 2, 2, 1, 1], -3]]
