q=3 baseline=40 zero_excess_residues=[0, 1, 2]
q=9 baseline=13 zero_excess_residues=[0, 1, 2, 3, 4, 5]
q=27 baseline=2 zero_excess_residues=[0, 1, 2, 3, 4, 5]
p=3 period=81 unit_degree_residues=[1, 2, 18, 23, 28, 39, 45, 56, 61, 66] count=10
q=5 baseline=24 zero_excess_residues=[0, 1, 2, 3, 4]
q=25 baseline=3 zero_excess_residues=[0, 1, 2, 3, 4, 5, 6, 7]
p=5 period=125 unit_degree_residues=[1, 2, 12, 16, 19, 23, 26, 27, 30, 34, 44, 51, 55, 59, 62, 66, 69, 73, 77, 84, 94, 98, 101, 102, 105, 109, 112, 116] count=28
q=7 baseline=17 zero_excess_residues=[0, 1, 3, 4, 5, 6]
p=7 period=49 unit_degree_residues=[1, 2, 4, 7, 10, 13, 16, 22, 24, 25, 27, 28, 30, 36, 39, 42, 45, 48] count=18
q=11 baseline=10 zero_excess_residues=[0, 1, 9, 10]
p=11 period=121 unit_degree_residues=[0, 1, 2, 3, 11, 12, 14, 22, 23, 25, 33, 34, 35, 36, 44, 45, 46, 55, 56, 57, 67, 68, 69, 78, 79, 80, 88, 89, 90, 91, 99, 101, 102, 110, 112, 113] count=36
q=13 baseline=9 zero_excess_residues=[0, 1, 5, 6, 7, 8, 9, 10, 11, 12]
p=13 period=169 unit_degree_residues=[0, 1, 2, 3, 4, 5, 9, 11, 13, 14, 15, 16, 18, 20, 22, 24, 25, 26, 27, 29, 30, 31, 35, 37, 38, 39, 40, 41, 42, 43, 46, 48, 50, 51, 52, 53, 55, 56, 57, 59, 61, 63, 64, 66, 67, 68, 69, 72, 74, 76, 77, 78, 79, 80, 82, 83, 85, 87, 89, 90, 92, 93, 94, 95, 96, 98, 100, 103, 104, 105, 106, 108, 109, 111, 113, 115, 116, 117, 119, 120, 121, 122, 124, 126, 129, 130, 131, 132, 133, 134, 135, 137, 141, 142, 143, 145, 146, 147, 148, 150, 152, 154, 156, 157, 158, 159, 161, 163, 167, 168] count=110
q=17 baseline=7 zero_excess_residues=[0, 1, 2, 3, 4, 5, 6, 7, 8, 9, 10, 11, 12, 13, 14, 15]
p=17 period=289 unit_degree_residues=[0, 1, 2, 3, 4, 5, 6, 7, 8, 9, 11, 12, 13, 14, 15, 16, 17, 18, 19, 21, 22, 23, 24, 25, 26, 28, 30, 31, 32, 33, 34, 35, 36, 37, 39, 40, 41, 42, 43, 45, 46, 48, 49, 50, 51, 52, 53, 54, 55, 57, 58, 59, 60, 62, 63, 64, 66, 67, 68, 69, 70, 71, 72, 73, 75, 76, 77, 79, 80, 81, 82, 84, 85, 86, 87, 88, 89, 90, 91, 93, 94, 96, 97, 98, 99, 100, 102, 103, 104, 105, 106, 107, 108, 109, 111, 113, 114, 115, 116, 117, 118, 120, 121, 122, 123, 124, 125, 126, 127, 130, 131, 132, 133, 134, 135, 136, 138, 139, 140, 141, 142, 143, 144, 145, 147, 148, 149, 150, 151, 152, 153, 154, 156, 157, 158, 159, 160, 161, 162, 165, 166, 167, 168, 169, 170, 171, 172, 174, 175, 176, 177, 178, 179, 181, 183, 184, 185, 186, 187, 188, 189, 190, 192, 193, 194, 195, 196, 198, 199, 201, 202, 203, 204, 205, 206, 207, 208, 210, 211, 212, 213, 215, 216, 217, 219, 220, 221, 222, 223, 224, 225, 226, 228, 229, 230, 232, 233, 234, 235, 237, 238, 239, 240, 241, 242, 243, 244, 246, 247, 249, 250, 251, 252, 253, 255, 256, 257, 258, 259, 260, 261, 262, 264, 266, 267, 268, 269, 270, 271, 273, 274, 275, 276, 277, 278, 279, 280, 281, 283, 284, 285, 286, 287, 288] count=244
q=19 baseline=6 zero_excess_residues=[0, 1, 2, 3, 4, 5, 6, 7, 8, 9, 10, 11, 12, 13]
p=19 period=361 unit_degree_residues=[0, 1, 2, 3, 4, 6, 7, 9, 10, 12, 15, 16, 18, 19, 20, 21, 22, 23, 25, 26, 28, 29, 31, 32, 34, 37, 38, 39, 40, 41, 42, 44, 45, 48, 50, 51, 53, 54, 56, 57, 59, 60, 61, 63, 64, 66, 67, 70, 72, 73, 75, 76, 77, 78, 79, 80, 82, 83, 85, 86, 88, 89, 91, 94, 95, 96, 97, 98, 99, 101, 102, 104, 105, 107, 108, 110, 111, 113, 115, 116, 117, 118, 120, 121, 123, 124, 127, 129, 130, 132, 133, 134, 135, 136, 139, 140, 142, 143, 145, 146, 149, 151, 152, 153, 154, 155, 156, 158, 161, 162, 164, 165, 167, 168, 170, 172, 173, 174, 175, 177, 178, 180, 181, 183, 184, 186, 187, 189, 190, 191, 192, 194, 196, 197, 199, 200, 202, 203, 206, 208, 209, 210, 211, 212, 213, 215, 218, 219, 221, 222, 224, 225, 228, 229, 230, 231, 232, 234, 235, 237, 240, 241, 243, 244, 246, 247, 248, 249, 251, 253, 254, 256, 257, 259, 260, 262, 263, 265, 266, 267, 268, 269, 270, 273, 275, 276, 278, 279, 281, 282, 284, 285, 286, 287, 288, 289, 291, 292, 294, 297, 298, 300, 301, 303, 304, 305, 307, 308, 310, 311, 313, 314, 316, 319, 320, 322, 323, 324, 325, 326, 327, 330, 332, 333, 335, 336, 338, 339, 341, 342, 343, 344, 345, 346, 348, 349, 352, 354, 355, 357, 358, 360] count=242
q=23 baseline=4 zero_excess_residues=[0, 1, 2, 3, 4, 5, 6, 7, 8, 9]
p=23 period=529 unit_degree_residues=[1, 2, 4, 7, 9, 12, 14, 17, 19, 22, 24, 25, 27, 30, 32, 37, 40, 42, 45, 47, 48, 50, 53, 55, 58, 60, 63, 65, 70, 71, 73, 76, 78, 81, 83, 86, 88, 91, 93, 94, 96, 99, 104, 106, 109, 111, 114, 116, 119, 122, 124, 127, 129, 132, 137, 139, 140, 142, 145, 147, 152, 155, 157, 160, 162, 163, 165, 168, 170, 173, 175, 178, 180, 185, 186, 188, 191, 193, 196, 198, 201, 203, 206, 208, 209, 211, 214, 219, 221, 224, 226, 229, 231, 232, 234, 237, 239, 242, 244, 247, 249, 252, 254, 255, 257, 260, 262, 265, 267, 270, 272, 275, 277, 278, 280, 283, 285, 288, 290, 293, 295, 298, 300, 301, 303, 306, 308, 311, 313, 318, 321, 323, 324, 326, 329, 331, 334, 336, 339, 341, 344, 346, 347, 352, 354, 357, 359, 362, 364, 367, 369, 370, 372, 375, 377, 380, 385, 387, 390, 392, 393, 395, 400, 403, 405, 408, 410, 413, 416, 418, 421, 423, 426, 428, 433, 436, 438, 439, 441, 444, 446, 449, 451, 454, 456, 459, 461, 462, 467, 469, 472, 474, 477, 479, 482, 484, 485, 487, 490, 492, 495, 500, 502, 505, 507, 508, 510, 513, 515, 518, 520, 523, 525, 528] count=214
q=29 baseline=1 zero_excess_residues=[0, 1, 2, 3]
p=29 period=841 unit_degree_residues=[1, 2, 11, 21, 30, 31, 40, 50, 59, 60, 69, 79, 88, 89, 98, 108, 117, 118, 127, 137, 146, 147, 156, 166, 175, 176, 185, 195, 204, 205, 214, 224, 233, 234, 243, 253, 262, 263, 272, 282, 292, 301, 311, 320, 321, 330, 340, 349, 350, 359, 378, 379, 388, 398, 407, 408, 417, 427, 436, 437, 446, 456, 465, 466, 485, 494, 495, 504, 514, 523, 524, 533, 543, 552, 562, 572, 581, 582, 591, 601, 610, 611, 620, 630, 639, 640, 649, 659, 668, 669, 678, 688, 697, 698, 707, 717, 726, 727, 736, 746, 755, 756, 765, 775, 784, 785, 794, 804, 813, 814, 823, 833] count=112
PASS: d=4 branch binomial determinant equals 2^120 H_32^(16)
d=4 scalar H factorization=[3, 13; 5, 2; 11, 1; 29, 3; 31, 1; 37, 5; 41, 7; 43, 5; 47, 1; 67, 1; 71, 3; 73, 4; 79, 7; 83, 6; 89, 3]
PASS: all 2565 small-prime period residues match the exact integral product
