1x3: [p, q', val] = [[0, 2, 4]]
2x2: [p, q', val] = [[1, 2, 6], [2, 1, 6]]
2x3: [p, q', val] = [[1, 4, 19], [2, 3, 15], [3, 2, 17]]
3x2: [p, q', val] = [[2, 3, 17], [3, 2, 15], [4, 1, 19]]
2x4: [p, q', val] = [[1, 6, 44], [2, 5, 34], [3, 4, 32], [4, 3, 36]]
4x2: [p, q', val] = [[3, 4, 36], [4, 3, 32], [5, 2, 34], [6, 1, 44]]
3x3: [p, q', val] = [[2, 6, 48], [3, 5, 39], [4, 4, 38], [5, 3, 39], [6, 2, 48]]
2x5: [p, q', val] = [[1, 8, 85], [2, 7, 67], [3, 6, 59], [4, 5, 59], [5, 4, 65]]
3x4: [p, q', val] = [[2, 9, 106], [3, 8, 87], [4, 7, 78], [5, 6, 72], [6, 5, 74], [7, 4, 80], [8, 3, 94]]
4x3: [p, q', val] = [[3, 8, 94], [4, 7, 80], [5, 6, 74], [6, 5, 72], [7, 4, 78], [8, 3, 87], [9, 2, 106]]
4x4: [p, q', val] = [[3, 12, 200], [4, 11, 172], [5, 10, 154], [6, 9, 141], [7, 8, 138], [8, 7, 138], [9, 6, 141], [10, 5, 154], [11, 4, 172], [12, 3, 200]]
