assignment one-error=375; two-error=543; >=3 errors=576
Traceback (most recent call last):
  File "/home/kbr/dev/math-worktrees/codex-bmd-spin/research/tools/bmd_eight_matching_precision_audit_20261006.py", line 80, in <module>
    assert proc.returncode==0 and "PASS_AD" in proc.stdout and "at top-level" not in proc.stderr,proc.stdout+proc.stderr
AssertionError: SERIES order=417 coefficient=Mod(1, 3)
EXACT polynomial determinant order=417, coefficient=1
AD_IDENTITY all known coefficients vanish; minimum precision=388
AD_ORDERS=[432, 432, 430, 366, 366, 397, 367, 367, 371, 371, 371, 371, 363, 365, 365, 387, 387, 412, 387, 361, 361, 361; 431, 431, 429, 364, 364, 395, 370, 366, 366, 368, 368, 370, 362, 362, 364, 359, 359, 411, 359, 360, 360, 360; 433, 433, 430, 365, 365, 368, 367, 371, 367, 369, 369, 371, 365, 363, 365, 360, 360, 410, 360, 361, 361, 361; 429, 429, 427, 363, 363, 369, 364, 364, 366, 370, 368, 368, 360, 362, 362, 359, 359, 409, 359, 358, 358, 358; 428, 428, 426, 361, 361, 368, 369, 363, 363, 365, 365, 367, 359, 359, 361, 356, 356, 408, 356, 357, 357, 357; 430, 430, 427, 362, 362, 365, 364, 366, 364, 366, 366, 368, 362, 360, 362, 357, 357, 407, 357, 358, 358, 358; 426, 426, 424, 360, 360, 366, 361, 361, 363, 367, 365, 365, 357, 359, 359, 356, 356, 406, 356, 355, 355, 355; 425, 425, 423, 358, 358, 365, 366, 360, 360, 362, 362, 364, 356, 356, 358, 353, 353, 405, 353, 354, 354, 354; 427, 427, 424, 359, 359, 362, 361, 363, 361, 363, 363, 365, 359, 357, 359, 354, 354, 404, 354, 355, 355, 355; 423, 423, 421, 357, 357, 363, 358, 358, 360, 362, 366, 362, 354, 358, 356, 353, 353, 405, 353, 352, 352, 352; 422, 422, 420, 355, 355, 362, 361, 357, 357, 359, 359, 361, 353, 353, 355, 350, 350, 404, 350, 351, 351, 351; 424, 424, 421, 356, 356, 359, 358, 360, 358, 360, 360, 362, 362, 354, 356, 351, 351, 401, 351, 352, 352, 352; 420, 420, 418, 354, 354, 360, 355, 355, 357, 361, 359, 359, 351, 353, 353, 350, 350, 400, 350, 349, 349, 349; 419, 419, 417, 352, 352, 359, 360, 354, 354, 356, 356, 358, 350, 350, 352, 347, 347, 399, 347, 348, 348, 348; 421, 421, 418, 353, 353, 356, 355, 357, 355, 357, 357, 359, 353, 351, 353, 348, 348, 400, 348, 349, 349, 349; 417, 417, 415, 351, 351, 357, 352, 352, 354, 358, 356, 356, 348, 350, 350, 347, 347, 397, 347, 346, 346, 346; 416, 416, 414, 349, 349, 356, 357, 351, 351, 353, 353, 355, 347, 347, 349, 344, 344, 396, 344, 345, 345, 345; 418, 418, 415, 350, 350, 353, 352, 354, 352, 354, 354, 356, 350, 348, 350, 345, 345, 397, 345, 346, 346, 346; 416, 416, 414, 349, 349, 354, 353, 351, 351, 353, 353, 355, 347, 347, 349, 344, 344, 396, 344, 345, 345, 345; 417, 417, 415, 351, 351, 353, 352, 352, 358, 356, 356, 356, 348, 350, 350, 349, 349, 397, 349, 346, 346, 346; 416, 416, 414, 349, 349, 354, 353, 351, 351, 353, 353, 355, 347, 347, 349, 344, 344, 396, 344, 345, 345, 345; 417, 417, 417, 350, 350, 355, 352, 352, 352, 354, 354, 362, 348, 348, 352, 345, 345, 399, 345, 350, 350, 350]
AD_PRECISIONS=[458, 458, 458, 391, 391, 398, 393, 393, 393, 395, 395, 401, 389, 389, 393, 388, 388, 440, 388, 391, 391, 391; 459, 459, 459, 392, 392, 397, 394, 394, 394, 396, 396, 402, 390, 390, 394, 387, 387, 441, 387, 392, 392, 392; 460, 460, 460, 393, 393, 398, 395, 395, 395, 397, 397, 403, 391, 391, 395, 388, 388, 442, 388, 393, 393, 393; 461, 461, 461, 394, 394, 399, 396, 396, 396, 398, 398, 404, 392, 392, 396, 389, 389, 443, 389, 394, 394, 394; 460, 460, 460, 393, 393, 398, 395, 395, 395, 397, 397, 403, 391, 391, 395, 388, 388, 442, 388, 393, 393, 393; 461, 461, 461, 394, 394, 399, 396, 396, 396, 398, 398, 404, 392, 392, 396, 389, 389, 443, 389, 394, 394, 394; 462, 462, 462, 395, 395, 400, 397, 397, 397, 399, 399, 405, 393, 393, 397, 390, 390, 444, 390, 395, 395, 395; 461, 461, 461, 394, 394, 399, 396, 396, 396, 398, 398, 404, 392, 392, 396, 389, 389, 443, 389, 394, 394, 394; 462, 462, 462, 395, 395, 400, 397, 397, 397, 399, 399, 405, 393, 393, 397, 390, 390, 444, 390, 395, 395, 395; 461, 461, 461, 394, 394, 399, 396, 396, 396, 398, 398, 404, 392, 392, 396, 389, 389, 443, 389, 394, 394, 394; 462, 462, 462, 395, 395, 400, 397, 397, 397, 399, 399, 405, 393, 393, 397, 390, 390, 444, 390, 395, 395, 395; 461, 461, 461, 394, 394, 399, 396, 396, 396, 398, 398, 404, 392, 392, 396, 389, 389, 443, 389, 394, 394, 394; 462, 462, 462, 395, 395, 400, 397, 397, 397, 399, 399, 405, 393, 393, 397, 390, 390, 444, 390, 395, 395, 395; 463, 463, 463, 396, 396, 401, 398, 398, 398, 400, 400, 406, 394, 394, 398, 391, 391, 445, 391, 396, 396, 396; 464, 464, 464, 397, 397, 402, 399, 399, 399, 401, 401, 407, 395, 395, 399, 392, 392, 446, 392, 397, 397, 397; 465, 465, 465, 398, 398, 403, 400, 400, 400, 402, 402, 408, 396, 396, 400, 393, 393, 447, 393, 398, 398, 398; 464, 464, 464, 397, 397, 402, 399, 399, 399, 401, 401, 407, 395, 395, 399, 392, 392, 446, 392, 397, 397, 397; 467, 467, 467, 400, 400, 405, 402, 402, 402, 404, 404, 410, 398, 398, 402, 395, 395, 449, 395, 400, 400, 400; 466, 466, 466, 399, 399, 404, 401, 401, 401, 403, 403, 409, 397, 397, 401, 394, 394, 448, 394, 399, 399, 399; 467, 467, 467, 400, 400, 405, 402, 402, 402, 404, 404, 410, 398, 398, 402, 395, 395, 449, 395, 400, 400, 400; 466, 466, 466, 399, 399, 404, 401, 401, 401, 403, 403, 409, 397, 397, 401, 394, 394, 448, 394, 399, 399, 399; 471, 471, 471, 404, 404, 409, 406, 406, 406, 408, 408, 414, 402, 402, 406, 399, 399, 453, 399, 404, 404, 404]
DIRECT minimum-cofactor check position=17,16 order=344 precision=408
PASS_AD
  ***   Warning: new maximum stack size = 3000000512 (2861.023 Mbytes).
  *** _+_: Warning: increasing stack size to 16000000.
  *** matdet: Warning: increasing stack size to 16000000.
  *** matdet: Warning: increasing stack size to 32000000.
  *** matdet: Warning: increasing stack size to 64000000.
  *** _^_: Warning: increasing stack size to 16000000.
  *** _^_: Warning: increasing stack size to 32000000.
  ***   at top-level: ...],u)<serprec(CHK[i,j],u),error("adjugate ident
  ***                                             ^---------------------
  ***   user error: adjugate identity
  *** matdet: Warning: increasing stack size to 16000000.

