[0;31m  ***   Warning: new maximum stack size = 3000000512 (2861.023 Mbytes).[0m
[0;31m  ***   Warning: increasing stack size to 16000000.[0m
[0;31m  ***   Warning: increasing stack size to 32000000.[0m
[0;31m  ***   Warning: increasing stack size to 64000000.[0m
[0;31m  ***   Warning: increasing stack size to 128000000.[0m
[0;31m  ***   Warning: increasing stack size to 256000000.[0m
FIELD = Mod(1, 3)*a^8 + Mod(1, 3)*a^7 + Mod(2, 3)*a^6 + Mod(1, 3)*a^3 + Mod(2, 3)*a^2 + Mod(2, 3)*a + Mod(1, 3); SLOPES = [2*a^6 + 2*a^4 + 2*a^2 + a + 2, 2*a^7 + 2*a^6 + a^5 + 2*a^3 + a^2 + a + 2, 2*a^7 + a^6 + 2*a^4 + 2*a^3 + a^2, 2*a^7 + a^6 + a^5 + a^4 + 2*a^2 + 2, a^7 + 2*a^5 + a + 2, 2*a^7 + a^4 + a^3, a^6 + a^4, a^4 + 2*a^3 + 1, 2*a^7 + a^6 + 2*a^5 + 2*a^4 + a + 1]
PIVOT_SOURCE_INDICES = [[0, 0], [0, 1], [0, 2], [1, 0], [1, 1], [2, 0], [2, 1], [3, 0], [3, 1], [4, 0], [4, 1], [5, 0], [5, 1], [6, 0], [6, 1], [7, 0], [8, 0], [8, 1], [9, 0], [9, 1], [10, 0], [10, 1], [11, 0], [12, 0], [12, 1], [13, 0], [14, 0], [15, 0], [16, 0], [16, 1], [17, 0], [17, 1], [18, 0], [18, 1], [19, 0], [20, 0], [20, 1], [21, 0], [22, 0], [23, 0], [24, 0], [24, 1], [25, 0], [26, 0], [27, 0], [28, 0], [29, 0], [30, 0], [32, 0], [32, 1], [33, 0], [33, 1], [34, 0], [34, 1], [35, 0], [36, 0], [36, 1], [37, 0], [38, 0], [39, 0], [40, 0], [40, 1], [41, 0], [42, 0], [43, 0], [44, 0], [45, 0], [46, 0], [48, 0], [48, 1], [49, 0], [50, 0], [51, 0], [52, 0], [53, 0], [54, 0], [56, 0], [57, 0], [58, 0], [60, 0], [64, 0], [64, 1], [65, 0], [65, 1], [66, 0], [66, 1], [67, 0], [68, 0], [68, 1], [69, 0], [70, 0], [71, 0], [72, 0], [72, 1], [73, 0], [74, 0], [75, 0], [76, 0], [77, 0], [78, 0], [80, 0], [80, 1], [81, 0], [82, 0], [83, 0], [84, 0], [85, 0], [86, 0], [88, 0], [89, 0], [90, 0], [92, 0], [96, 0], [96, 1], [97, 0], [98, 0], [99, 0], [100, 0], [101, 0], [102, 0], [104, 0], [105, 0], [106, 0], [108, 0], [112, 0], [113, 0], [114, 0], [116, 0], [120, 0], [128, 0], [128, 1], [129, 0], [129, 1], [130, 0], [130, 1], [131, 0], [132, 0], [132, 1], [133, 0], [134, 0], [135, 0], [136, 0], [136, 1], [137, 0], [138, 0], [139, 0], [140, 0], [141, 0], [142, 0], [144, 0], [144, 1], [145, 0], [146, 0], [147, 0], [148, 0], [149, 0], [150, 0], [152, 0], [153, 0], [154, 0], [156, 0], [160, 0], [160, 1], [161, 0], [162, 0], [163, 0], [164, 0], [165, 0], [166, 0], [168, 0], [169, 0], [170, 0], [172, 0], [176, 0], [177, 0], [178, 0], [180, 0], [184, 0], [192, 0], [192, 1], [193, 0], [194, 0], [195, 0], [196, 0], [197, 0], [198, 0], [200, 0], [201, 0], [202, 0], [204, 0], [208, 0], [209, 0], [210, 0], [212, 0], [216, 0], [224, 0], [225, 0], [226, 0], [228, 0], [232, 0], [240, 0], [256, 0], [256, 1], [257, 0], [257, 1], [258, 0], [258, 1], [259, 0], [260, 0], [260, 1], [261, 0], [262, 0], [263, 0], [264, 0], [264, 1], [265, 0], [266, 0], [267, 0], [268, 0], [269, 0], [270, 0], [272, 0], [272, 1], [273, 0], [274, 0], [275, 0], [276, 0], [277, 0], [278, 0], [280, 0], [281, 0], [282, 0], [284, 0], [288, 0], [288, 1], [289, 0], [290, 0], [291, 0], [292, 0], [293, 0], [294, 0], [296, 0], [297, 0], [298, 0], [300, 0], [304, 0], [305, 0], [306, 0], [308, 0], [312, 0], [320, 0], [320, 1], [321, 0], [322, 0], [323, 0], [324, 0]]
PIVOT_DETERMINANT = a^7 + 2*a^6 + a^5 + a^4 + a^2 + a + 2
MASTER_NORMALIZATION_STARTED rows256 cols1536
[0;31m  *** matsolve: Warning: increasing stack size to 512000000.[0m
MASTER_DIMENSIONS = [1024, 1280, 1536]; COMMON_JET_FRAME = 256; RECONSTRUCTION_ENTRIES = 393216
NINE_MASTER_FRAMES_COMPLETED: fixed source indices define the generic rational frame via the formal 256-square inverse; no generic coefficient expansion or complete exception set is asserted.
