e=1: |W(0)/lc| = |L_0/L_oo|: 1; |W(-1)/lc| = |L_-1/L_oo|: 1
  at 0: exponents [-7/2, -3, -5/2, -3/2, -1/2, 0, 1/2, 1, 3/2, 2, 5/2, 3, 7/2, 4, 5]
    class pivot minors [[2, -14; 3, 1; 5, 1; 7, 1], [-1, 1; 2, -28; 3, 2; 5, 1; 7, 2; 11, 1]]; Vandermonde [2, -26; 3, 36; 5, 16; 7, 10; 11, 5; 13, 4; 17, 1]
  at -1: exponents [-7/2, -3, -5/2, -3/2, -1/2, 0, 1/2, 1, 3/2, 2, 5/2, 3, 7/2, 4, 5]
    class pivot minors [[-1, 1; 2, -14; 3, 1; 5, 1; 7, 1], [2, -21; 3, 2; 5, 1; 7, 3; 11, 1]]; Vandermonde [2, -26; 3, 36; 5, 16; 7, 10; 11, 5; 13, 4; 17, 1]
  at +oo: exponents [0, 1/2, 3/2, 5/2, 3, 7/2, 4, 9/2, 5, 11/2, 6, 13/2, 7, 15/2, 8]
    class pivot minors [[-1, 1; 2, -14; 3, 1; 5, 1; 7, 1], [2, -28; 3, 3; 7, 3; 11, 2; 13, 1]]; Vandermonde [2, -26; 3, 37; 5, 17; 7, 10; 11, 4; 13, 3]
e=2: |W(0)/lc| = |L_0/L_oo|: 1; |W(-1)/lc| = |L_-1/L_oo|: 1
  at 0: exponents [-7/2, -3, -5/2, -3/2, -1/2, 0, 1/2, 1, 3/2, 2, 5/2, 3, 7/2, 4, 9/2, 5, 11/2, 6, 13/2, 7, 15/2, 8, 9, 10, 11, 12, 13, 14]
    class pivot minors [[2, -103; 5, 1; 7, 1; 11, 1; 13, 2; 17, 1], [-1, 1; 2, -60; 3, 1; 5, 1; 11, 3; 13, 4; 17, 2; 19, 1]]; Vandermonde [2, -55; 3, 154; 5, 71; 7, 44; 11, 24; 13, 18; 17, 12; 19, 10; 23, 7; 29, 4; 31, 3]
  at -1: exponents [-7/2, -3, -5/2, -3/2, -1/2, 0, 1/2, 1, 3/2, 2, 5/2, 3, 7/2, 4, 9/2, 5, 11/2, 6, 13/2, 7, 15/2, 8, 9, 10, 11, 12, 13, 14]
    class pivot minors [[2, -103; 5, 1; 7, 1; 11, 1; 13, 2; 17, 1], [2, -52; 3, 2; 5, 1; 11, 4; 13, 4; 17, 2; 19, 1]]; Vandermonde [2, -55; 3, 154; 5, 71; 7, 44; 11, 24; 13, 18; 17, 12; 19, 10; 23, 7; 29, 4; 31, 3]
  at +oo: exponents [-5, -4, -7/2, -3, -5/2, -2, -3/2, -1, -1/2, 0, 1/2, 3/2, 5/2, 3, 7/2, 4, 9/2, 5, 11/2, 6, 13/2, 7, 15/2, 8, 17/2, 19/2, 21/2, 23/2]
    class pivot minors [[2, -14; 3, 1; 5, 1; 7, 1], [2, -120; 5, 1; 7, 1; 11, 1; 13, 2; 17, 3; 19, 2]]; Vandermonde [2, -54; 3, 154; 5, 70; 7, 43; 11, 25; 13, 19; 17, 11; 19, 9; 23, 7; 29, 3; 31, 2]
e=3: |W(0)/lc| = |L_0/L_oo|: 1; |W(-1)/lc| = |L_-1/L_oo|: 1
  at 0: exponents [-7/2, -3, -5/2, -3/2, -1/2, 0, 1/2, 1, 3/2, 2, 5/2, 3, 7/2, 4, 9/2, 5, 11/2, 6, 13/2, 7, 15/2, 8, 17/2, 9, 19/2, 10, 21/2, 11, 23/2, 12, 13, 14, 15, 16, 17, 18, 19, 20, 21, 22, 23, 24, 25, 26, 27]
    class pivot minors [[2, -369; 3, 6; 5, 3; 7, 2; 11, 1; 13, 1; 17, 1; 19, 1; 23, 2; 29, 4; 31, 3], [-1, 1; 2, -88; 3, 2; 5, 3; 7, 2; 13, 1; 17, 4; 19, 4; 23, 3]]; Vandermonde [2, -37; 3, 426; 5, 202; 7, 130; 11, 73; 13, 57; 17, 39; 19, 33; 23, 24; 29, 18; 31, 16; 37, 13; 41, 11; 43, 10; 47, 8; 53, 5; 59, 2; 61, 1]
  at -1: exponents [-7/2, -3, -5/2, -3/2, -1/2, 0, 1/2, 1, 3/2, 2, 5/2, 3, 7/2, 4, 9/2, 5, 11/2, 6, 13/2, 7, 15/2, 8, 17/2, 9, 19/2, 10, 21/2, 11, 23/2, 12, 13, 14, 15, 16, 17, 18, 19, 20, 21, 22, 23, 24, 25, 26, 27]
    class pivot minors [[-1, 1; 2, -369; 3, 6; 5, 3; 7, 2; 11, 1; 13, 1; 17, 1; 19, 1; 23, 2; 29, 4; 31, 3], [2, -81; 3, 3; 5, 3; 7, 3; 13, 2; 17, 4; 19, 4; 23, 3]]; Vandermonde [2, -37; 3, 426; 5, 202; 7, 130; 11, 73; 13, 57; 17, 39; 19, 33; 23, 24; 29, 18; 31, 16; 37, 13; 41, 11; 43, 10; 47, 8; 53, 5; 59, 2; 61, 1]
  at +oo: exponents [-14, -13, -12, -11, -10, -9, -8, -15/2, -7, -13/2, -6, -11/2, -5, -9/2, -4, -7/2, -3, -5/2, -2, -3/2, -1, -1/2, 0, 1/2, 3/2, 5/2, 3, 7/2, 4, 9/2, 5, 11/2, 6, 13/2, 7, 15/2, 8, 17/2, 19/2, 21/2, 23/2, 25/2, 27/2, 29/2, 31/2]
    class pivot minors [[2, -14; 3, 1; 5, 1; 7, 1], [2, -276; 3, 4; 5, 4; 7, 2; 19, 1; 23, 3; 29, 1]]; Vandermonde [2, -109; 3, 426; 5, 201; 7, 130; 11, 72; 13, 59; 17, 44; 19, 36; 23, 23; 29, 17; 31, 16; 37, 12; 41, 10; 43, 9; 47, 7; 53, 4; 59, 1]
