[0, [32003, 
2, 
1580, 
['x', 'y'],
[0, 1],
[1,
[[1475,
[19470, 3742, 27137, 28954, 444, 26163, 26335, 931, 13579, 15660, 4232, 10533, 5810, 29444, 16137, 14417, 18467, 8148, 14021, 6025, 24896, 4222, 18435, 4473, 29926, 13114, 13335, 25314, 15939, 19470, 10308, 28260, 21478, 2591, 17325, 5996, 5138, 17310, 5270, 19121, 3327, 26865, 20508, 31107, 6900, 20575, 1246, 27102, 7565, 12985, 26604, 7173, 18892, 14365, 12518, 5843, 11533, 29087, 21713, 13612, 20757, 24390, 8735, 23032, 14350, 21106, 4975, 26301, 11558, 27565, 20965, 28956, 29305, 1557, 29808, 26596, 11372, 26143, 1440, 23558, 6034, 1181, 27503, 31315, 8185, 8461, 29588, 18044, 26269, 9306, 11913, 25159, 24160, 16967, 30183, 17910, 29988, 17202, 2897, 17181, 18371, 1342, 18714, 1501, 22473, 18596, 10199, 14705, 5630, 13840, 25099, 6159, 4585, 19873, 4299, 20039, 25992, 7476, 17628, 12826, 10934, 29631, 29952, 12766, 10957, 5380, 26934, 8293, 10158, 4351, 31834, 13189, 22303, 9439, 29014, 7739, 12400, 20266, 11599, 2944, 26490, 27413, 18812, 297, 21880, 14536, 25853, 4572, 24918, 19598, 29411, 13501, 30493, 25125, 9899, 3765, 25210, 6580, 22945, 28400, 14017, 23522, 21323, 25150, 2642, 27931, 23017, 20122, 19955, 4565, 16946, 3215, 15881, 7282, 16338, 10375, 17707, 17659, 26729, 21459, 26977, 28121, 8038, 24567, 30305, 11400, 11144, 9746, 14772, 27928, 27897, 6671, 20795, 28697, 19007, 323, 20115, 6574, 15945, 15080, 31233, 19056, 19147, 5045, 26996, 30641, 7660, 15930, 12358, 9250, 5752, 27251, 15007, 29806, 3051, 27061, 15933, 3144, 21969, 5950, 4931, 28328, 8446, 22636, 9907, 23776, 2212, 14225, 28194, 11551, 8224, 27395, 23279, 31605, 1866, 19404, 3118, 10900, 3627, 7575, 21991, 23851, 1666, 15315, 23873, 17032, 28619, 24002, 16370, 11043, 31125, 29723, 21630, 27522, 800, 17906, 31843, 12223, 29850, 19620, 5128, 13294, 8740, 13022, 13356, 30044, 19958, 25729, 18653, 2830, 15019, 28200, 30986, 28062, 19035, 13905, 2784, 24729, 20156, 14329, 1477, 12756, 30777, 5583, 24378, 27039, 20877, 10031, 559, 8487, 26687, 11122, 10095, 23551, 14991, 10827, 8919, 13659, 22909, 6895, 576, 375, 7126, 20332, 23128, 31946, 6568, 28121, 7390, 3939, 31540, 25046, 10363, 8964, 13356, 14171, 9434, 25527, 5468, 17008, 4771, 4581, 12397, 17, 21643, 27118, 29762, 8825, 5156, 18324, 12773, 26434, 6459, 19429, 3400, 25322, 6510, 14495, 16103, 22177, 16049, 29650, 11866, 1749, 9475, 30831, 2319, 20087, 6464, 26413, 23001, 19682, 24813, 28650, 2374, 22749, 3174, 15899, 24271, 16116, 8484, 9552, 20929, 23569, 16158, 18401, 7108, 17390, 18980, 7732, 15616, 10173, 9340, 15745, 8330, 17073, 8555, 9736, 7258, 10089, 22317, 24633, 15661, 24140, 6341, 29752, 18394, 29423, 31563, 8647, 234, 2278, 24657, 17653, 942, 8658, 15967, 29780, 21808, 31990, 22940, 11174, 14139, 15143, 14196, 11123, 1270, 7719, 17048, 11043, 14276, 17780, 26978, 18762, 23233, 100, 27746, 6760, 27134, 4350, 28878, 4057, 31675, 24705, 2446, 2119, 4203, 13198, 6685, 17624, 25209, 5590, 5264, 26512, 21683, 28623, 28222, 9223, 392, 28122, 23272, 28950, 11324, 15465, 31185, 31550, 7998, 30179, 9495, 25310, 3, 24546, 714, 19356, 19530, 26612, 22242, 6068, 3984, 8085, 13836, 10640, 1467, 10857, 23702, 1184, 21573, 18524, 16008, 11606, 17599, 420, 11255, 21377, 29073, 12548, 20339, 28874, 9175, 1744, 6218, 16975, 17412, 31776, 3885, 10122, 11959, 18584, 23993, 373, 14470, 2970, 29253, 11512, 29335, 15735, 15181, 2750, 27189, 3659, 9015, 1279, 25331, 15279, 678, 2152, 13603, 25551, 1631, 5716, 17027, 19311, 16198, 7784, 2628, 30037, 25056, 30002, 21339, 18616, 28227, 24359, 19306, 14224, 12004, 6909, 15853, 9492, 18729, 27488, 2781, 1469, 16907, 17285, 3702, 4370, 15850, 23108, 21875, 17896, 14021, 209, 16148, 28404, 145, 3941, 20552, 30777, 28044, 1725, 10976, 29979, 28806, 19057, 21585, 15834, 20028, 27963, 18052, 18037, 18566, 479, 31001, 30923, 26887, 6966, 28921, 4369, 13129, 12221, 8537, 18642, 31086, 1347, 22676, 17747, 31701, 18260, 14723, 28634, 447, 24371, 6003, 26195, 2344, 28618, 21050, 18374, 17190, 531, 16386, 30090, 17857, 19193, 6838, 17345, 6610, 10540, 23985, 2438, 15563, 13329, 8950, 27982, 11877, 13547, 24726, 32000, 4329, 848, 16774, 7809, 17108, 21738, 7595, 3325, 13492, 28003, 24679, 14330, 28401, 20960, 23044, 1445, 29195, 9422, 30548, 26255, 17190, 16763, 16431, 16809, 6779, 7456, 9002, 4667, 30219, 6681, 1099, 12879, 29111, 3336, 3842, 15022, 12385, 27548, 2542, 31491, 29124, 4158, 28323, 15366, 15370, 19310, 11984, 21076, 9716, 31904, 12469, 16343, 17053, 12126, 10660, 27266, 27162, 26060, 24620, 24142, 10203, 15214, 27924, 4295, 6823, 13958, 1833, 31232, 1222, 18090, 12429, 10339, 3369, 18507, 17399, 9802, 4996, 1520, 1654, 5702, 12943, 24700, 14292, 9655, 13358, 11142, 25374, 1476, 20775, 18587, 16496, 19746, 10352, 16042, 22890, 9723, 29628, 23590, 18395, 19758, 2329, 4478, 24104, 15857, 2835, 26390, 6392, 23187, 25186, 22508, 3124, 14491, 17524, 31157, 17240, 1199, 15175, 17195, 11771, 19809, 27879, 27556, 17618, 10473, 7326, 27321, 28653, 19461, 15366, 20331, 27171, 19466, 12585, 20209, 10161, 26070, 28491, 30677, 6812, 3234, 10062, 8605, 4539, 15992, 30075, 12027, 5034, 11531, 14133, 7235, 21195, 18805, 29447, 9550, 24819, 567, 8370, 13351, 16267, 8208, 11868, 13963, 1473, 24256, 3356, 19907, 15166, 1588, 16265, 24566, 14654, 21465, 7070, 13186, 26356, 7226, 7814, 31051, 31863, 31949, 24447, 8773, 19224, 23179, 2040, 1172, 30806, 14226, 818, 27132, 13835, 20475, 17120, 7668, 23049, 16006, 19854, 19829, 25938, 6222, 10976, 14151, 7109, 4820, 22179, 16691, 5585, 17140, 2360, 24971, 22996, 21043, 20850, 22710, 2799, 12621, 3206, 22646, 14653, 14673, 7896, 12048, 18030, 7401, 10660, 22815, 19930, 20667, 1448, 6878, 31575, 14658, 3330, 31890, 15600, 18191, 25146, 5618, 19797, 25171, 338, 31691, 31817, 24621, 9950, 28869, 24434, 107, 5962, 26669, 5923, 6968, 16947, 21988, 29538, 9700, 21363, 30735, 632, 1724, 27211, 2078, 13938, 16514, 24048, 1746, 12630, 1488, 209, 22605, 8117, 11348, 6283, 5084, 16506, 25410, 22831, 4171, 24703, 20320, 15332, 8270, 13448, 1093, 2130, 24161, 985, 11637, 15093, 22668, 10503, 15653, 31975, 26230, 28295, 19575, 7638, 6925, 18889, 21624, 8446, 19328, 2739, 10497, 13075, 18526, 6172, 19880, 27288, 3262, 24897, 27897, 10815, 24293, 29908, 21353, 11011, 3450, 12198, 2436, 19072, 29057, 14535, 27350, 6991, 1368, 18767, 21658, 14123, 9449, 14641, 10766, 14156, 23643, 18880, 5156, 13406, 9995, 16343, 14467, 12823, 964, 5849, 29204, 4681, 23150, 10339, 14862, 20059, 7623, 17460, 23416, 19155, 16560, 17555, 16799, 31579, 3792, 25949, 13850, 15227, 16034, 7797, 5339, 4194, 26848, 31210, 6627, 21619, 9607, 31318, 27655, 3050, 30504, 14313, 30474, 13634, 7129, 20420, 12069, 9122, 18115, 4796, 24080, 13834, 1827, 1294, 10595, 1731, 6813, 20110, 10132, 13731, 20647, 5389, 1729, 18451, 6365, 22508, 26120, 24323, 17433, 15530, 533, 17406, 30132, 13043, 8413, 25943, 3050, 12600, 22840, 3554, 22662, 25542, 29369, 1533, 1625, 20043, 1335, 13851, 24506, 1535, 17984, 3981, 29848, 666, 22893, 1930, 16987, 25585, 5040, 534, 20523, 31932, 6312, 29678, 22173, 14486, 31966, 29189, 10142, 27603, 8493, 824, 23574, 7199, 4879, 24043, 29103, 8936, 1106, 21916, 11942, 26294, 17933, 22977, 15856, 3726, 1060, 9849, 3635, 9138, 28150, 26020, 22823, 21055, 9555, 6627, 2850, 2125, 13702, 27558, 26801, 7037, 2129, 26658, 12405, 16058, 16979, 26243, 21496, 8059, 17925, 18670, 13512, 9885, 5761, 11936, 31959, 28900, 20032, 17152, 23649, 24703, 16640, 18704, 3837, 31053, 4170, 12532, 2130, 15863, 30543, 1367, 7038, 9953, 31464, 23812, 5210, 12184, 29784, 22549, 29403, 29542, 31123, 9450, 24352, 10995, 30467, 14711, 3797, 16829, 8520, 28297, 7520, 31063, 26724, 25464, 5225, 6907, 3305, 21337, 14111, 14304, 9442, 22036, 25672, 30360, 24762, 5524, 25307, 19330, 22346, 27793, 7397, 2033, 23251, 770, 23719, 21659, 1967, 18895, 2749, 21397, 29303, 12804, 31734, 1661, 20856, 18919, 9633, 31602, 20918, 15119, 26196, 3771, 13803, 5240, 19785, 19892, 1544, 18190, 3890, 27292, 23541, 23680, 26772, 18517, 2362, 27947, 7768, 7095, 126, 10395, 21209, 14181, 20843, 13315, 23478, 22830, 20139, 19626, 5968, 4102, 20250, 24439, 12340, 17974, 6199, 22040, 23166, 2313, 24775, 23337, 18602, 31086, 9252, 11785, 3417, 23501, 6743, 27727, 27742, 9901, 10918, 29190, 21492, 21980, 12366, 5892, 2765, 17335, 4650, 25121, 31031, 791, 7435, 16399, 19525, 17670, 21813, 16019, 6880, 17040, 7315, 21781, 10846, 2626, 12878, 1021, 29808, 27275, 8340, 2885, 27852, 25985, 22386, 21620, 25442, 11135, 3242, 16651, 16924, 16347, 31614, 14104, 30808, 21489, 29701, 1659, 11369, 12918, 26057, 19181, 857, 20255, 10004, 31872, 16032, 12678, 27693, 17042, 13144, 22415, 20471, 2831, 6991, 27943, 6773, 6905, 11842, 927, 14832, 27738, 23046, 29464, 28718, 26747, 6282, 439, 29609, 11834, 10312, 20974, 7145, 11350, 1130, 1489, 7858, 19786, 29964, 16461, 24677, 1228, 26503, 11191, 28641, 761, 29345, 9672, 4739, 29596, 10798, 15167, 24309, 25181, 7336, 25262, 8239, 16170, 28926, 31753, 14880, 21556, 13730, 18640, 19720, 27517, 15715, 22694, 14267, 18826, 24933, 12006, 8159, 29699, 10648, 19293, 13915, 19570, 19672, 28868, 18242, 20673, 31263, 11275, 3737, 16441, 13253, 5901, 10139, 23859, 10370, 3659, 874, 17129, 27419, 8858, 7025, 8810, 1604, 3994, 31651, 8825, 404, 4287, 12169, 16549, 25117, 7649, 21547, 27882, 22508, 1075, 21078, 14712, 3660, 5496, 5892, 26202, 26323, 24901, 10542, 9068, 22595, 983, 25708, 11309, 15021, 29026, 2450, 15996, 9691, 1310, 12255, 5903, 10910, 17758, 31986, 2310, 30474, 14448, 22063, 21292, 882, 6253, 4937, 22434, 5114, 26147, 14306, 6866, 13380, 844, 4393, 5203, 6685, 11554, 28836, 6283, 5347, 22461, 4432, 12756, 30952, 24463, 5426, 27625, 2834, 1913, 24972, 1237, 26900, 11559, 17633, 21748, 15412, 6671, 6623, 14207, 22649, 834, 4286, 28249, 28393, 12457, 8185, 22853, 6020, 15545, 18300, 30599, 17335, 4957, 27575, 30379, 24817, 17041, 17303, 28355, 4773, 16071, 23908, 14014, 27337, 18073, 1]],
[0,
[1]],
[
[[1474,
[12360, 6595, 5325, 8917, 12394, 3679, 30063, 17514, 20099, 31943, 30157, 10379, 19782, 29153, 25662, 30525, 1366, 11269, 7074, 28679, 8092, 4167, 15554, 9268, 15731, 15346, 22938, 29743, 27862, 8583, 25197, 19991, 21436, 2451, 10262, 6277, 3948, 2184, 22548, 31937, 14129, 18881, 10624, 25680, 24427, 20710, 24391, 3891, 13133, 2656, 20529, 15311, 19956, 31066, 27852, 12269, 8965, 5632, 24027, 26775, 27840, 12856, 25307, 3867, 30478, 1336, 17480, 17230, 15321, 2202, 18019, 6343, 12407, 19440, 4227, 28010, 4928, 13061, 985, 6763, 111, 17404, 30236, 27835, 29688, 14732, 18951, 25042, 24363, 9760, 6767, 9021, 20256, 28632, 9854, 21444, 29880, 13924, 31658, 8345, 23991, 29002, 12788, 16616, 21387, 17616, 20785, 24364, 28238, 14482, 8763, 3361, 14833, 3312, 14768, 3795, 12460, 1952, 25324, 1120, 31135, 7711, 13539, 16906, 18339, 4441, 12080, 16736, 26986, 20466, 23529, 26227, 29934, 17345, 22379, 29774, 15826, 16097, 25169, 11926, 435, 884, 9572, 29781, 8426, 11448, 25667, 26210, 15374, 3069, 5286, 27242, 5929, 7666, 12190, 15992, 23521, 18132, 11422, 10468, 25850, 17373, 6019, 29041, 24886, 10336, 14016, 20273, 8062, 27096, 22464, 20849, 2862, 7997, 4609, 29619, 12627, 14398, 14584, 1087, 15856, 26652, 2741, 4258, 27693, 27282, 13161, 17617, 7209, 3832, 7739, 2867, 11984, 17404, 28414, 881, 22442, 7358, 16039, 20010, 25019, 28268, 30045, 21312, 1487, 3364, 5276, 31079, 28705, 4265, 19308, 9622, 6380, 8376, 6108, 5374, 17915, 29211, 18730, 28224, 2628, 1973, 16142, 15791, 15047, 24000, 2610, 13860, 9656, 10819, 25582, 21786, 609, 22103, 3082, 10622, 9820, 7436, 15266, 2251, 16132, 19265, 16640, 30369, 19754, 19078, 3595, 31121, 22809, 17400, 4055, 8735, 18909, 19240, 6846, 21012, 7163, 7351, 6388, 11901, 6814, 12821, 16025, 16225, 29282, 19903, 2037, 467, 367, 29114, 1964, 2814, 24988, 12354, 23098, 21821, 16705, 5847, 25364, 11279, 16438, 25043, 9388, 1616, 11384, 7315, 14298, 14645, 24612, 31776, 4001, 14245, 24476, 14358, 23024, 2534, 503, 12317, 12109, 29210, 28056, 31234, 16362, 24044, 31641, 29489, 25392, 11054, 2386, 27734, 14975, 22491, 25756, 8643, 5048, 19067, 25560, 12929, 20190, 21631, 11097, 31312, 17464, 11395, 15738, 25032, 6140, 2697, 757, 5733, 14005, 13631, 27651, 29745, 30534, 1823, 25843, 7996, 15548, 3733, 7162, 23959, 1773, 25835, 25087, 4137, 20332, 11331, 16683, 27412, 12560, 31366, 2291, 20598, 24608, 3625, 11824, 26305, 21229, 7474, 29660, 8633, 7031, 20394, 7795, 13155, 4753, 6312, 12135, 26608, 18787, 9759, 16320, 13392, 30200, 28289, 28356, 2635, 21242, 1628, 11667, 10440, 21063, 12998, 16241, 19773, 6588, 13427, 7817, 24178, 8086, 20534, 24346, 22372, 20771, 31583, 28669, 9524, 18010, 2557, 3113, 3126, 14518, 20207, 1884, 16906, 2068, 4724, 12290, 20647, 20849, 17360, 26705, 19349, 4390, 31606, 1337, 11383, 2229, 13826, 28147, 17303, 74, 20740, 13468, 17025, 23996, 11593, 22760, 20302, 14191, 25828, 15205, 29574, 26639, 26271, 20683, 7237, 4900, 15951, 30739, 28834, 16796, 28051, 24067, 5143, 28953, 10560, 8113, 7791, 12148, 151, 10814, 28391, 8329, 11699, 1261, 7211, 3495, 11291, 22396, 14162, 4451, 129, 22538, 26831, 18158, 26933, 9310, 30612, 24886, 7296, 11145, 770, 16636, 25441, 14461, 14480, 25296, 1898, 438, 30636, 24553, 1368, 8682, 2213, 24623, 30832, 29622, 19739, 23140, 8348, 19762, 31924, 3980, 12796, 30618, 22332, 274, 30801, 6553, 1892, 15106, 22900, 26090, 18670, 30273, 249, 2309, 2304, 15047, 20604, 27952, 5587, 15359, 138, 3990, 29909, 22476, 8106, 21104, 1378, 29833, 7633, 29566, 28006, 21822, 18763, 4353, 1722, 23000, 23627, 764, 25995, 21338, 532, 19682, 16762, 14254, 29802, 26761, 21616, 13159, 4442, 9117, 17112, 8052, 10901, 17670, 6102, 17574, 15057, 27888, 25815, 30374, 6461, 29794, 28243, 13013, 19695, 22695, 9412, 2655, 3134, 3269, 27847, 28182, 12873, 6287, 7793, 5284, 16873, 14693, 22712, 10455, 7945, 28589, 18253, 10244, 17932, 28385, 19982, 2657, 10572, 22926, 15542, 22005, 2523, 29361, 26811, 20836, 1380, 16984, 11487, 27836, 10342, 18914, 21328, 5597, 9251, 18465, 2467, 31590, 16251, 11841, 7007, 29857, 7648, 1444, 11167, 11831, 17315, 14555, 22923, 21273, 5844, 7056, 17386, 6431, 26903, 29697, 17387, 24798, 23751, 27229, 3396, 5616, 30380, 24072, 9301, 22398, 14694, 15194, 14828, 13702, 11068, 19783, 29221, 29789, 8298, 13120, 25285, 29117, 21452, 13087, 20206, 912, 17025, 17341, 10627, 8518, 26607, 31617, 30693, 8649, 1810, 14771, 7451, 29295, 23460, 23866, 1715, 13239, 16332, 24187, 29995, 9142, 9429, 11206, 15394, 3657, 26547, 29358, 12779, 9273, 21713, 12538, 7678, 15073, 8327, 19844, 15634, 18004, 30295, 11538, 24188, 11170, 16887, 22532, 6468, 28338, 27870, 15180, 8818, 22047, 24210, 5339, 9207, 23026, 8759, 27925, 3311, 20189, 11577, 7575, 4331, 2000, 11868, 14995, 21923, 10210, 27150, 19710, 25404, 24160, 30247, 20978, 22551, 18161, 20990, 10420, 15130, 8887, 16420, 14534, 9453, 447, 21051, 5909, 2850, 20317, 24534, 13650, 18455, 921, 15816, 7049, 3991, 21367, 8786, 1371, 31394, 30533, 13618, 17587, 22802, 15960, 3026, 20022, 23982, 6352, 1656, 11553, 14358, 9263, 22925, 3814, 6780, 30951, 31145, 9851, 1927, 25925, 7933, 15039, 12403, 5939, 2497, 14955, 28757, 20093, 26076, 19867, 4205, 27371, 29065, 23679, 22800, 25871, 1822, 21126, 779, 7514, 23856, 22001, 3717, 9585, 8655, 10265, 806, 23455, 28148, 21582, 26632, 8292, 3621, 6962, 14354, 18661, 4470, 23337, 5669, 31558, 25105, 28344, 25851, 27381, 1552, 22883, 26639, 2720, 30808, 23597, 7363, 7187, 30316, 15772, 12731, 9299, 26299, 16703, 3962, 7128, 608, 2145, 23415, 2963, 30053, 8743, 15163, 24634, 15975, 18889, 27746, 26277, 14410, 30470, 5418, 18271, 5384, 1385, 23815, 6403, 24867, 16858, 10502, 52, 21915, 7549, 8364, 7805, 6052, 29904, 24829, 25697, 22615, 28441, 10104, 20228, 19921, 13470, 18088, 24191, 24624, 6137, 13797, 3965, 11236, 18887, 12357, 8139, 18871, 10252, 12102, 11426, 29206, 13553, 14167, 15686, 10565, 91, 31948, 11670, 13505, 1906, 1323, 17146, 25017, 20435, 5214, 31920, 2598, 7137, 30232, 30334, 15173, 12533, 1868, 19564, 27413, 14767, 31549, 13532, 23491, 5439, 30633, 31038, 19276, 2106, 7200, 25531, 18171, 21229, 19551, 28302, 21040, 30295, 31032, 13642, 23327, 15497, 24066, 23416, 2923, 17433, 19530, 13960, 31842, 12637, 6722, 20523, 23800, 31184, 25390, 27982, 4653, 559, 21699, 27375, 14208, 22942, 11981, 4096, 28269, 5661, 15757, 18130, 1979, 917, 29126, 23626, 23069, 23847, 29282, 13777, 20727, 15414, 3091, 22396, 1591, 26592, 23697, 760, 7596, 25782, 3579, 6684, 21074, 13924, 18562, 19964, 13235, 22809, 13160, 17790, 5773, 7468, 5223, 29111, 26154, 26337, 30996, 10692, 26805, 28147, 20520, 11344, 2499, 20126, 27368, 29557, 13866, 1025, 13064, 26907, 1249, 18722, 485, 6226, 28812, 17980, 8794, 20422, 1576, 25763, 19180, 26133, 16123, 2851, 25428, 4022, 21078, 31073, 15226, 20305, 28445, 8381, 8653, 9476, 7722, 113, 20809, 31694, 5775, 4733, 31309, 2399, 24305, 16861, 25506, 16042, 4549, 17913, 3290, 9909, 15484, 6144, 14196, 1186, 3336, 20389, 29439, 3529, 27401, 30968, 26550, 2336, 3155, 30469, 14528, 12707, 27845, 27608, 23384, 10078, 20283, 21818, 2816, 2239, 24873, 16004, 17503, 17987, 26747, 30710, 7871, 4809, 16226, 20593, 25822, 15222, 24719, 1471, 16840, 6320, 30636, 14391, 23438, 14836, 16338, 17667, 20146, 5495, 4381, 28390, 24233, 25447, 5553, 755, 28753, 26545, 24743, 16562, 17710, 31836, 23113, 1140, 6693, 29014, 7137, 31745, 21135, 31660, 13300, 9395, 17128, 6822, 7463, 26043, 9039, 20820, 8165, 5516, 15690, 25373, 7401, 1713, 11644, 2659, 6428, 20707, 1111, 7671, 13544, 7598, 9042, 18911, 30748, 27733, 21234, 2690, 28301, 14486, 10602, 24636, 15961, 2709, 5746, 8969, 17582, 197, 14214, 20011, 23878, 25092, 5555, 7329, 9367, 16481, 12652, 14111, 6215, 11918, 18122, 8435, 24376, 575, 8049, 7256, 3352, 15556, 27186, 12959, 4946, 21674, 15577, 26480, 31022, 15298, 18065, 21404, 26062, 17670, 27751, 17355, 3025, 10556, 13419, 25934, 10158, 1611, 25326, 25011, 26792, 25136, 15892, 3246, 25327, 31490, 18091, 17403, 14101, 16424, 31297, 5485, 29630, 5273, 7667, 2436, 818, 27430, 29008, 2044, 16992, 21453, 26986, 20001, 20533, 4037, 22855, 15034, 5823, 11333, 20291, 15690, 27978, 26143, 19478, 17411, 23816, 6774, 4642, 1325, 27475, 30034, 63, 10881, 11582, 3546, 4155, 25067, 27634, 10359, 412, 17156, 18639, 17370, 580, 21773, 24888, 4302, 27493, 2649, 26285, 10485, 2230, 20693, 15734, 24057, 2224, 1805, 25861, 16664, 23651, 12255, 17792, 25604, 16379, 22258, 9153, 26489, 13030, 16578, 20122, 18485, 26171, 14029, 31868, 16516, 4348, 23788, 15664, 7436, 30060, 28759, 5523, 22672, 19523, 20780, 23161, 27355, 18457, 5883, 14807, 20690, 13318, 1228, 9519, 23279, 21983, 30606, 8081, 30031, 13798, 9138, 7621, 13051, 11880, 2543, 16558, 24500, 13622, 16064, 24709, 30550, 28538, 14784, 2136, 4808, 28986, 9660, 17744, 23640, 25809, 21677, 8386, 4, 14497, 15679, 26326, 4686, 2979, 9822, 432, 25568, 10143, 23825, 30970, 3448, 21338, 12763, 13655, 23836, 15419, 6115, 4253, 1616, 14349, 8996, 27702, 31699, 26315, 19985, 11212, 8119, 19732, 20902, 15334, 1961, 25942, 18881, 5507, 21915, 24481, 3299, 15904, 19712, 22310, 12849, 9473, 15558, 10346, 27023, 25879, 10492, 21828, 7853, 22219, 31527, 3363, 18899, 2864, 25962, 5392, 11786, 6676, 15793, 23458, 28914, 18466, 15893, 23874, 14886, 12637, 13462, 26007, 14561, 18848, 2104, 16738, 9672, 6924, 1810, 28391, 27731, 30230, 15615, 15376, 6640, 12607, 15719, 11196, 20207, 11893, 4924, 13260, 26796, 29398, 4862, 10725, 29061, 16910, 5242, 26734, 14929, 9264, 26352, 21050, 25463, 20059, 22593, 23345, 14288, 15334, 21900, 19001, 5968, 30919, 23540, 28851, 13581, 15386, 14877, 9718, 5237, 9542, 21523, 27047, 2393, 25240, 23298, 27935, 29500, 11040, 310, 28905, 12090, 18706, 19732, 16329, 4780, 19278, 24266, 18062, 20981, 13110, 12807, 17746, 25595, 12030, 11157, 2327, 23642, 12856, 16170, 987, 7758, 20475, 1154, 30489, 13340, 11739, 24724, 30090, 14882]]]
]]]]]:
