# columns: s h exSize r trial multi_free predicted_positive min_single_F3 min_single_F9 (-99 = not computed)
3 3 2 3 1 8 9 8 8
3 3 2 3 2 8 9 11 11
3 3 2 3 3 9 9 11 -99
3 3 2 3 4 8 9 8 -99
3 3 2 4 1 7 8 8 8
3 3 2 4 2 8 8 8 8
3 3 2 4 3 6 8 7 7
3 3 2 4 4 6 8 7 7
3 3 3 4 1 7 7 7 -99
3 3 3 4 2 7 7 7 -99
3 3 3 4 3 6 7 7 7
3 3 3 4 4 7 7 7 -99
3 3 2 5 1 4 6 4 -99
3 3 2 5 2 6 6 7 -99
3 3 2 5 3 5 6 7 -99
3 3 2 5 4 4 6 4 -99
4 2 1 3 1 7 7 8 -99
4 2 1 3 2 5 7 5 5
4 2 1 3 3 5 7 5 -99
4 2 1 3 4 5 7 5 -99
4 2 2 4 1 2 4 2 -99
4 2 2 4 2 2 4 2 -99
4 2 2 4 3 4 4 4 -99
4 2 2 4 4 4 4 4 -99
