CASE=5 dimension=15 precision=192 order=40 coefficient=2 inverse_pole=18 error_bound=214
C in row-major order; FLINT polynomial format: length, modulus, coefficients.
19 3  0 0 0 0 0 0 0 0 0 0 0 0 0 0 0 0 0 0 1
19 3  0 0 0 0 0 0 0 0 0 0 0 0 0 0 0 0 0 0 2
19 3  0 0 0 0 0 0 0 0 0 0 0 0 0 0 0 0 0 0 2
19 3  0 0 0 0 0 0 0 0 0 0 0 0 0 0 0 0 0 0 1
0 3
0 3
18 3  0 0 0 0 0 0 0 0 0 0 0 0 0 0 0 0 0 2
0 3
19 3  0 0 0 0 0 0 0 0 0 0 0 0 0 0 0 0 0 0 2
17 3  0 0 0 0 0 2 0 2 1 0 2 2 1 2 1 2 2
17 3  0 0 0 0 0 2 0 2 2 0 1 2 2 2 2 2 1
16 3  0 0 0 0 0 2 0 0 0 0 0 2 0 0 0 2
16 3  0 0 0 0 0 0 0 2 0 2 0 1 0 2 0 1
19 3  0 0 0 0 0 0 0 0 2 0 0 0 2 0 1 0 0 0 2
19 3  0 0 0 0 0 0 0 0 2 0 0 0 2 0 1 0 2 0 2
19 3  0 0 0 0 0 0 0 0 0 0 0 0 0 0 0 0 0 2 1
19 3  0 0 0 0 0 0 0 0 0 0 0 0 0 0 0 0 0 1 1
18 3  0 0 0 0 0 0 0 0 0 0 0 0 0 0 0 0 0 1
18 3  0 0 0 0 0 0 0 0 0 0 0 0 0 0 0 0 0 2
0 3
0 3
19 3  0 0 0 0 0 0 0 0 0 0 0 0 0 0 0 0 1 0 2
0 3
18 3  0 0 0 0 0 0 0 0 0 0 0 0 0 0 0 0 0 1
19 3  0 0 0 0 1 0 1 2 0 1 0 2 2 0 2 0 1 0 1
19 3  0 0 0 0 1 0 1 1 0 2 0 1 2 0 2 0 1 0 1
13 3  0 0 0 0 1 0 0 0 0 0 0 0 2
19 3  0 0 0 0 0 0 1 0 1 0 2 0 0 0 0 0 2 0 2
16 3  0 0 0 0 0 0 0 1 0 0 0 1 0 1 0 1
18 3  0 0 0 0 0 0 0 1 0 0 0 1 0 1 0 1 0 2
19 3  0 0 0 0 0 0 0 0 0 0 0 0 0 0 0 0 1 2 2
19 3  0 0 0 0 0 0 0 0 0 0 0 0 0 0 0 0 2 2 1
19 3  0 0 0 0 0 0 0 0 0 0 0 0 0 0 0 0 2 0 2
17 3  0 0 0 0 0 0 0 0 0 0 0 0 0 0 0 0 1
19 3  0 0 0 0 0 0 0 0 0 0 0 0 0 0 0 0 0 0 1
0 3
18 3  0 0 0 0 0 0 0 0 0 0 0 0 0 0 0 2 0 2
0 3
19 3  0 0 0 0 0 0 0 0 0 0 0 0 0 0 0 0 2 0 2
18 3  0 0 0 2 0 0 1 0 1 0 0 0 0 0 2 1 2 1
18 3  0 0 0 2 0 0 2 0 2 0 0 0 0 0 1 1 1 1
18 3  0 0 0 2 0 1 0 2 0 1 0 2 0 1 0 1 0 2
18 3  0 0 0 0 0 2 0 0 0 1 0 2 0 0 0 0 0 2
19 3  0 0 0 0 0 0 2 0 1 0 1 0 1 0 2 0 1 0 2
19 3  0 0 0 0 0 0 2 0 1 0 1 0 1 0 2 0 0 0 1
19 3  0 0 0 0 0 0 0 0 0 0 0 0 0 0 0 1 2 1 1
19 3  0 0 0 0 0 0 0 0 0 0 0 0 0 0 0 2 2 2 1
16 3  0 0 0 0 0 0 0 0 0 0 0 0 0 0 0 2
18 3  0 0 0 0 0 0 0 0 0 0 0 0 0 0 0 1 0 2
18 3  0 0 0 0 0 0 0 0 0 0 0 0 0 0 0 0 0 1
0 3
19 3  0 0 0 0 0 0 0 0 0 0 0 0 0 0 2 0 0 0 1
0 3
16 3  0 0 0 0 0 0 0 0 0 0 0 0 0 0 0 2
19 3  0 0 2 0 1 1 0 0 2 2 0 1 0 2 1 2 1 1 2
19 3  0 0 2 0 1 2 0 0 2 1 0 2 0 1 1 1 1 2 2
19 3  0 0 2 0 2 0 1 0 1 0 2 0 1 0 2 0 1 0 2
19 3  0 0 0 0 2 0 1 0 1 0 0 0 1 0 1 0 2 0 2
16 3  0 0 0 0 0 2 0 2 0 0 0 2 0 2 0 1
18 3  0 0 0 0 0 2 0 2 0 0 0 2 0 0 0 1 0 2
18 3  0 0 0 0 0 0 0 0 0 0 0 0 0 0 2 1 2 2
18 3  0 0 0 0 0 0 0 0 0 0 0 0 0 0 1 1 1 2
19 3  0 0 0 0 0 0 0 0 0 0 0 0 0 0 1 0 0 0 2
19 3  0 0 0 0 0 0 0 0 0 0 0 0 0 0 2 0 1 0 1
17 3  0 0 0 0 0 0 0 0 0 0 0 0 0 0 0 0 2
0 3
18 3  0 0 0 0 0 0 0 0 0 0 0 0 0 1 0 0 0 2
0 3
19 3  0 0 0 0 0 0 0 0 0 0 0 0 0 0 1 0 0 0 2
19 3  0 1 0 2 2 0 0 1 1 0 0 1 1 0 1 0 1 2 1
19 3  0 1 0 2 1 0 0 1 2 0 0 1 2 0 2 0 2 2 2
16 3  0 1 0 1 0 2 0 2 0 1 0 0 0 2 0 2
16 3  0 0 0 1 0 2 0 2 0 0 0 2 0 0 0 1
19 3  0 0 0 0 1 0 1 0 0 0 1 0 1 0 0 0 2 0 1
19 3  0 0 0 0 1 0 1 0 0 0 0 0 0 0 1 0 1 0 1
18 3  0 0 0 0 0 0 0 0 0 0 0 0 0 1 2 2 0 2
18 3  0 0 0 0 0 0 0 0 0 0 0 0 0 2 2 1 0 1
16 3  0 0 0 0 0 0 0 0 0 0 0 0 0 2 0 2
18 3  0 0 0 0 0 0 0 0 0 0 0 0 0 1 0 0 0 2
18 3  0 0 0 0 0 0 0 0 0 0 0 0 0 0 0 1 0 1
0 3
15 3  0 0 0 0 0 0 0 0 0 0 0 0 2 0 2
19 3  0 0 0 0 0 0 0 0 0 0 0 0 0 0 0 0 0 0 2
16 3  0 0 0 0 0 0 0 0 0 0 0 0 0 2 0 2
18 3  2 0 0 1 0 1 0 0 2 2 1 1 0 2 2 2 2 2
18 3  2 0 0 2 0 2 0 0 2 1 1 2 0 1 2 1 2 1
19 3  2 0 1 0 2 0 1 0 1 0 1 0 0 0 1 0 1 0 1
19 3  0 0 2 0 0 0 1 0 2 0 1 0 1 0 2 0 0 0 2
18 3  0 0 0 2 0 1 0 1 0 1 0 2 0 2 0 0 0 1
18 3  0 0 0 2 0 1 0 1 0 2 0 0 0 0 0 0 0 1
19 3  0 0 0 0 0 0 0 0 0 0 0 0 0 0 1 2 0 2 2
19 3  0 0 0 0 0 0 0 0 0 0 0 0 0 0 2 2 0 2 1
17 3  0 0 0 0 0 0 0 0 0 0 0 0 0 0 2 0 1
19 3  0 0 0 0 0 0 0 0 0 0 0 0 0 0 1 0 1 0 2
19 3  0 0 0 0 0 0 0 0 0 0 0 0 0 0 0 0 1 0 1
0 3
18 3  0 0 0 0 0 0 0 0 0 0 0 0 0 2 0 2 0 2
0 3
17 3  0 0 0 0 0 0 0 0 0 0 0 0 0 0 2 0 1
19 3  0 2 0 0 1 2 1 2 1 0 0 2 1 0 2 1 0 1 2
19 3  0 2 0 0 2 2 2 2 2 0 0 2 2 0 1 1 0 1 1
16 3  0 2 0 1 0 1 0 1 0 1 0 1 0 0 0 1
18 3  0 0 0 2 0 0 0 0 0 2 0 1 0 0 0 1 0 2
19 3  0 0 0 0 2 0 1 0 0 0 0 0 0 0 0 0 1 0 2
19 3  0 0 0 0 2 0 1 0 0 0 0 0 1 0 0 0 1 0 2
19 3  0 0 0 0 0 0 0 0 0 0 0 0 0 2 1 1 0 0 1
19 3  0 0 0 0 0 0 0 0 0 0 0 0 0 1 1 2 0 0 1
18 3  0 0 0 0 0 0 0 0 0 0 0 0 0 1 0 1 0 1
14 3  0 0 0 0 0 0 0 0 0 0 0 0 0 2
18 3  0 0 0 0 0 0 0 0 0 0 0 0 0 0 0 2 0 2
0 3
19 3  0 0 0 0 0 0 0 0 0 0 0 0 1 0 1 0 2 0 2
19 3  0 0 0 0 0 0 0 0 0 0 0 0 0 0 0 0 0 0 1
18 3  0 0 0 0 0 0 0 0 0 0 0 0 0 1 0 1 0 1
19 3  1 0 0 2 2 2 2 1 0 0 0 0 0 2 2 1 0 0 1
19 3  1 0 0 1 2 1 2 2 0 0 0 0 0 1 2 2 0 0 1
19 3  1 0 2 0 0 0 2 0 1 0 0 0 1 0 1 0 2 0 1
19 3  0 0 1 0 0 0 1 0 0 0 0 0 1 0 0 0 0 0 2
18 3  0 0 0 1 0 2 0 1 0 2 0 1 0 0 0 1 0 1
16 3  0 0 0 1 0 2 0 1 0 1 0 2 0 1 0 1
19 3  0 0 0 0 0 0 0 0 0 0 0 0 0 0 0 0 0 0 1
19 3  0 0 0 0 0 0 0 0 0 0 0 0 0 0 0 0 0 0 2
19 3  0 0 0 0 0 0 0 0 0 0 0 0 0 0 0 0 0 0 1
0 3
0 3
0 3
18 3  0 0 0 0 0 0 0 0 0 0 0 0 0 0 0 1 0 1
0 3
19 3  0 0 0 0 0 0 0 0 0 0 0 0 0 0 0 0 0 0 1
18 3  0 0 0 1 0 0 2 0 2 0 2 0 0 1 0 2 2 2
18 3  0 0 0 1 0 0 1 0 1 0 1 0 0 1 0 2 1 2
18 3  0 0 0 1 0 2 0 1 0 1 0 2 0 0 0 2 0 1
18 3  0 0 0 0 0 1 0 0 0 0 0 1 0 0 0 0 0 1
19 3  0 0 0 0 0 0 1 0 2 0 1 0 1 0 2 0 1 0 1
19 3  0 0 0 0 0 0 1 0 2 0 0 0 0 0 1 0 0 0 2
19 3  0 0 0 0 0 0 0 0 0 0 0 0 0 0 0 0 0 0 1
19 3  0 0 0 0 0 0 0 0 0 0 0 0 0 0 0 0 0 0 1
0 3
0 3
0 3
19 3  0 0 0 0 0 0 0 0 0 0 0 0 0 0 0 0 0 0 2
19 3  0 0 0 0 0 0 0 0 0 0 0 0 0 0 0 0 2 0 2
19 3  0 0 0 0 0 0 0 0 0 0 0 0 0 0 0 0 0 0 2
0 3
19 3  0 0 0 0 2 0 1 1 2 0 2 1 2 1 1 1 2 1 2
19 3  0 0 0 0 2 0 1 2 2 0 2 2 2 2 1 2 2 2 2
19 3  0 0 0 0 2 0 2 0 0 0 0 0 0 0 2 0 2 0 2
19 3  0 0 0 0 0 0 2 0 1 0 2 0 2 0 2 0 0 0 1
14 3  0 0 0 0 0 0 0 2 0 2 0 0 0 2
18 3  0 0 0 0 0 0 0 2 0 2 0 1 0 0 0 2 0 1
19 3  0 0 0 0 0 0 0 0 0 0 0 0 0 0 2 1 2 2 1
19 3  0 0 0 0 0 0 0 0 0 0 0 0 0 0 1 1 1 2 2
19 3  0 0 0 0 0 0 0 0 0 0 0 0 0 0 1 0 0 0 2
17 3  0 0 0 0 0 0 0 0 0 0 0 0 0 0 2 0 1
17 3  0 0 0 0 0 0 0 0 0 0 0 0 0 0 0 0 2
0 3
16 3  0 0 0 0 0 0 0 0 0 0 0 0 0 1 0 1
0 3
19 3  0 0 0 0 0 0 0 0 0 0 0 0 0 0 1 0 0 0 2
19 3  0 1 0 0 2 0 2 0 0 1 0 1 2 1 2 1 2 0 1
19 3  0 1 0 0 1 0 1 0 0 1 0 1 1 1 1 1 1 0 2
18 3  0 1 0 2 0 1 0 2 0 1 0 0 0 0 0 1 0 1
16 3  0 0 0 1 0 0 0 2 0 2 0 1 0 2 0 2
19 3  0 0 0 0 1 0 2 0 2 0 1 0 1 0 1 0 2 0 1
13 3  0 0 0 0 1 0 2 0 2 0 2 0 1
16 3  0 0 0 0 0 0 0 0 0 0 0 0 0 1 2 2
16 3  0 0 0 0 0 0 0 0 0 0 0 0 0 2 2 1
18 3  0 0 0 0 0 0 0 0 0 0 0 0 0 2 0 2 0 2
14 3  0 0 0 0 0 0 0 0 0 0 0 0 0 1
18 3  0 0 0 0 0 0 0 0 0 0 0 0 0 0 0 1 0 1
19 3  0 0 0 0 0 0 0 0 0 0 0 0 0 0 0 0 0 0 1
17 3  0 0 0 0 0 0 0 0 0 0 0 0 2 0 2 0 2
19 3  0 0 0 0 0 0 0 0 0 0 0 0 0 0 0 0 0 0 2
18 3  0 0 0 0 0 0 0 0 0 0 0 0 0 2 0 2 0 2
19 3  2 0 0 1 2 1 0 1 2 0 0 1 0 2 0 2 2 2 2
19 3  2 0 0 2 2 2 0 2 2 0 0 2 0 1 0 1 2 1 2
19 3  2 0 1 0 1 0 2 0 0 0 1 0 2 0 0 0 0 0 1
19 3  0 0 2 0 0 0 0 0 2 0 2 0 0 0 2 0 1 0 2
18 3  0 0 0 2 0 1 0 0 0 2 0 0 0 1 0 1 0 2
18 3  0 0 0 2 0 1 0 0 0 0 0 1 0 1 0 1 0 1
19 3  0 0 0 0 0 0 0 0 0 0 0 0 0 0 0 0 1 2 2
19 3  0 0 0 0 0 0 0 0 0 0 0 0 0 0 0 0 2 2 1
19 3  0 0 0 0 0 0 0 0 0 0 0 0 0 0 0 0 2 0 1
19 3  0 0 0 0 0 0 0 0 0 0 0 0 0 0 0 0 1 0 2
0 3
0 3
18 3  0 0 0 0 0 0 0 0 0 0 0 0 0 0 0 0 0 2
0 3
17 3  0 0 0 0 0 0 0 0 0 0 0 0 0 0 0 0 2
19 3  0 0 0 0 0 2 0 2 1 0 1 0 2 1 0 1 0 1 2
19 3  0 0 0 0 0 2 0 2 2 0 2 0 1 1 0 1 0 1 1
16 3  0 0 0 0 0 2 0 0 0 2 0 1 0 2 0 1
18 3  0 0 0 0 0 0 0 2 0 0 0 1 0 2 0 2 0 1
19 3  0 0 0 0 0 0 0 0 2 0 2 0 1 0 1 0 1 0 2
19 3  0 0 0 0 0 0 0 0 2 0 1 0 2 0 1 0 1 0 2
0 3
0 3
0 3
0 3
0 3
19 3  0 0 0 0 0 0 0 0 0 0 0 0 0 0 0 0 0 0 1
0 3
0 3
0 3
0 3
0 3
0 3
0 3
0 3
0 3
0 3
0 3
0 3
19 3  0 0 0 0 0 0 0 0 0 0 0 0 0 0 0 0 0 0 1
0 3
0 3
0 3
0 3
0 3
0 3
0 3
0 3
0 3
0 3
0 3
PASS exact A*C congruent to u^h I modulo u^(h+1).
