[0, [32003, 
2, 
1460, 
['x', 'y'],
[0, 1],
[1,
[[1460,
[31924, 28085, 10192, 14774, 14295, 21534, 23623, 1439, 2701, 17504, 28126, 18605, 1487, 11300, 25537, 20158, 6565, 26021, 25768, 2675, 10195, 28193, 3192, 16204, 1489, 6027, 22126, 29504, 22989, 1236, 25697, 218, 29839, 22461, 28751, 26757, 28907, 9322, 25189, 10087, 17050, 424, 22425, 31459, 19360, 6464, 7876, 26496, 10807, 8715, 2681, 3364, 14553, 16973, 9333, 1985, 26946, 19596, 7175, 24148, 3185, 15218, 18672, 11050, 24344, 11676, 23088, 3860, 9523, 19781, 26584, 3592, 2112, 16324, 23208, 17485, 963, 28307, 31443, 21985, 29694, 13528, 17071, 30712, 19668, 27825, 30784, 3602, 14921, 18479, 4001, 7016, 16104, 12607, 24719, 19383, 21687, 10625, 21656, 5284, 4947, 27912, 21872, 6813, 260, 6189, 12764, 21120, 6625, 9677, 17145, 25699, 19510, 11240, 10991, 7128, 27863, 31069, 19007, 26441, 8158, 14992, 22656, 15062, 23504, 31969, 14845, 16795, 23007, 22397, 21777, 6698, 30342, 8228, 8048, 2025, 24930, 17579, 21150, 29229, 16218, 31057, 13001, 9346, 15682, 21065, 11433, 22092, 216, 8148, 9712, 25219, 27431, 24218, 18259, 21111, 11331, 16577, 22599, 27703, 11968, 23457, 21820, 2039, 30691, 20073, 27121, 25286, 4735, 25764, 28613, 23621, 30750, 23989, 14448, 233, 2366, 7764, 11331, 31650, 5406, 8772, 31982, 6960, 19987, 29166, 23275, 9661, 6165, 20327, 23021, 11932, 16255, 23173, 3178, 7097, 11248, 22791, 17138, 31467, 22658, 31562, 28645, 1798, 22483, 30842, 10310, 22895, 26517, 30121, 16522, 11783, 19630, 13761, 8212, 17486, 5426, 15272, 22126, 5394, 14303, 7140, 6560, 5829, 1778, 19341, 20288, 15493, 6960, 1500, 27271, 4159, 4718, 13044, 28306, 11650, 27642, 13591, 27803, 3643, 21250, 25392, 12285, 19023, 30603, 5098, 19401, 21837, 26476, 24666, 10712, 1599, 18266, 25328, 3299, 29061, 30290, 10263, 20899, 1729, 6701, 19736, 8851, 19576, 10050, 8182, 5820, 3077, 20322, 24523, 10781, 22231, 8042, 31403, 17660, 21745, 15298, 10223, 24414, 18719, 29172, 1964, 16124, 2238, 3375, 8321, 479, 8061, 20082, 18117, 17154, 29583, 13526, 11531, 13628, 14798, 3786, 19983, 25453, 14212, 26100, 9813, 6623, 21039, 4448, 21784, 28084, 5397, 29300, 7656, 20923, 15175, 21962, 31663, 13206, 10482, 1191, 12243, 24876, 25917, 23171, 26837, 5260, 16453, 11389, 15500, 12673, 20669, 14848, 30151, 13013, 13562, 22825, 7439, 25099, 25333, 28408, 2545, 12377, 25575, 8274, 2737, 782, 10338, 10278, 18503, 15533, 5662, 16605, 8259, 11406, 12289, 1779, 6262, 3682, 9695, 7860, 68, 3678, 20232, 15015, 1186, 4926, 26383, 26943, 18087, 25425, 11206, 31041, 7782, 12980, 24113, 13583, 16022, 7483, 18814, 19091, 15505, 18585, 27319, 9299, 18208, 19679, 20136, 10839, 4977, 11200, 11954, 22208, 12969, 8648, 25562, 26230, 27074, 18166, 5856, 30656, 3627, 22159, 5112, 6356, 16702, 14245, 21535, 16330, 6434, 5635, 12779, 7387, 27795, 5551, 18439, 24824, 21151, 24693, 14982, 13975, 23049, 840, 15234, 9553, 13207, 7050, 1860, 1619, 14393, 28790, 26975, 12099, 26582, 11406, 23506, 13344, 25633, 21642, 7454, 7231, 13953, 29513, 2394, 4746, 27279, 30749, 24063, 14500, 4077, 25924, 31237, 10125, 23585, 29020, 24441, 11830, 14974, 30062, 11408, 22419, 20715, 2616, 10415, 183, 24116, 3084, 1364, 28847, 9325, 21993, 15872, 22274, 26655, 8704, 8328, 10443, 19034, 30108, 10207, 12072, 6460, 27238, 24655, 930, 4738, 1216, 19225, 24532, 23801, 18219, 1320, 24008, 7851, 4647, 6612, 20530, 31879, 3540, 21553, 23774, 19413, 7836, 15431, 24453, 1673, 9732, 29214, 14688, 18992, 30737, 27222, 25649, 29890, 8895, 15946, 31207, 15441, 4508, 6737, 22679, 5467, 939, 13740, 24965, 27748, 12167, 13269, 27212, 3153, 9304, 30704, 13345, 5209, 22515, 7866, 30600, 23765, 23638, 9283, 8325, 22763, 20390, 163, 6272, 11095, 24881, 4287, 10916, 5869, 13384, 29926, 31546, 12993, 13239, 24397, 30728, 26141, 18610, 6556, 25605, 1981, 6181, 15913, 152, 2473, 28481, 6212, 10078, 27013, 11048, 27940, 17206, 13670, 26709, 29752, 13014, 7249, 24219, 17203, 13055, 28265, 26925, 21596, 3519, 3679, 16132, 13745, 5011, 3445, 17481, 27401, 12682, 18786, 16154, 25610, 8123, 31438, 15478, 1904, 28894, 8366, 1657, 19758, 10197, 3441, 25547, 24031, 29545, 25194, 11010, 4490, 5272, 14585, 28065, 3841, 6462, 28880, 8429, 29672, 501, 25992, 6408, 25869, 11576, 4988, 28155, 11891, 7562, 13541, 4177, 25201, 23713, 22924, 11444, 25777, 18845, 16448, 22842, 19274, 13137, 9909, 4495, 23268, 16984, 20671, 21472, 4091, 5260, 1015, 19698, 3566, 2902, 2344, 27510, 21087, 6440, 23942, 30858, 26446, 13054, 24992, 16293, 22083, 16055, 17451, 2334, 6425, 10948, 26851, 7062, 27041, 3125, 18839, 9008, 11278, 30064, 9537, 660, 8370, 21631, 8468, 31479, 30810, 25513, 11650, 20383, 21509, 443, 4196, 21214, 4661, 9837, 15372, 31007, 20922, 9679, 5444, 29800, 1753, 14202, 18898, 8410, 27273, 17131, 13473, 25150, 15080, 26650, 19288, 28966, 20608, 18441, 14619, 29141, 4744, 6374, 15053, 24325, 30865, 16878, 24986, 5141, 7682, 6086, 2262, 13681, 3395, 31105, 19566, 4527, 1602, 12564, 13503, 26774, 6623, 10137, 18451, 15659, 14362, 20536, 19174, 10554, 5137, 11134, 6184, 10038, 11089, 2640, 11864, 16763, 6065, 1779, 11824, 14841, 16693, 22324, 27691, 1250, 27697, 13798, 17227, 25698, 2613, 31408, 28078, 10346, 1715, 21803, 4370, 24306, 13253, 1845, 14911, 25980, 392, 9475, 25317, 26313, 9675, 29851, 12524, 7270, 4649, 13635, 10476, 29790, 26406, 10715, 5403, 20838, 8696, 16101, 17735, 16888, 8840, 15392, 1348, 29299, 26797, 21747, 23086, 3552, 4899, 9529, 31920, 28801, 1836, 20057, 25407, 13291, 10144, 14410, 8673, 16156, 27549, 19274, 4537, 7313, 29863, 3617, 28438, 14415, 30747, 23970, 6758, 31225, 20844, 26508, 19228, 17239, 31223, 17705, 31892, 9229, 11409, 24847, 2713, 2894, 31543, 2403, 22242, 29198, 574, 11735, 860, 12903, 18571, 20755, 5990, 5497, 19452, 10738, 27551, 22728, 9986, 7109, 6219, 22471, 13042, 24152, 17157, 6420, 58, 29904, 3018, 12692, 12427, 3998, 5625, 23175, 19463, 26639, 11697, 8439, 28552, 26001, 2822, 1707, 28660, 12510, 2580, 21981, 6843, 12553, 3735, 6964, 5595, 3689, 17835, 27406, 2406, 1260, 14957, 2385, 23291, 21967, 25206, 31650, 12876, 5557, 18590, 26536, 11703, 11951, 27547, 30038, 3813, 31295, 8619, 8796, 18752, 29502, 20057, 27425, 3683, 9551, 30780, 14955, 40, 4326, 17091, 7179, 24867, 29196, 17818, 16241, 21353, 20000, 17412, 6193, 31741, 28896, 28649, 5093, 2901, 9669, 14375, 23077, 11904, 6519, 29564, 26082, 4448, 20878, 27219, 27225, 19136, 22553, 6072, 30928, 3668, 12179, 1131, 5919, 10486, 5667, 16368, 7546, 6544, 2951, 26640, 23467, 25102, 16444, 2570, 30424, 25550, 12367, 24320, 11428, 10931, 1604, 13596, 11630, 12663, 9338, 8915, 5457, 5533, 22366, 27208, 10884, 9072, 27045, 27783, 20139, 3943, 22992, 14453, 9406, 3242, 639, 22777, 9734, 26183, 30826, 10795, 24941, 20982, 4321, 16344, 31571, 10001, 432, 8842, 26281, 3032, 13150, 23137, 13403, 9399, 2265, 10148, 3388, 19436, 16732, 2002, 6834, 5218, 24225, 20910, 14238, 11287, 9314, 1364, 17137, 23, 19679, 23204, 7524, 15034, 26822, 22406, 15719, 4445, 19673, 14643, 27316, 19800, 13699, 27240, 23774, 23758, 5068, 6268, 8834, 12846, 19205, 4379, 28933, 31118, 21492, 20756, 28589, 19153, 25392, 18935, 26692, 13302, 15883, 8601, 7236, 30166, 31267, 9179, 14643, 8135, 6212, 10119, 27712, 2795, 22846, 4800, 27267, 1919, 11113, 13526, 13934, 22218, 29720, 15661, 31863, 30980, 22269, 578, 27380, 27962, 24699, 23421, 15338, 26704, 8142, 22947, 17800, 28001, 28747, 17058, 12587, 24919, 5684, 13383, 18424, 2926, 15313, 19649, 16689, 12083, 5516, 29867, 30466, 4237, 1836, 18068, 11539, 5941, 21976, 26174, 17376, 6787, 14774, 23864, 2353, 19831, 8455, 16170, 9330, 22659, 8963, 30718, 11045, 8119, 22148, 25747, 20092, 8065, 27093, 17379, 24595, 20668, 6533, 21386, 11936, 12814, 21749, 23029, 29274, 9415, 837, 16915, 27533, 25059, 1094, 21402, 18102, 24277, 17238, 4743, 16976, 13458, 16155, 23655, 26460, 18612, 7050, 13506, 25512, 23277, 5873, 27419, 23314, 16519, 5629, 18840, 24685, 24308, 1683, 2725, 17172, 22844, 2574, 3461, 18048, 27813, 23024, 458, 8950, 5911, 26780, 13107, 30607, 13253, 962, 21602, 20850, 17678, 2536, 6692, 10003, 3016, 11334, 1899, 20176, 23796, 7437, 18441, 318, 9058, 5491, 20101, 13708, 31561, 24004, 17410, 20204, 7205, 27900, 15448, 14300, 2197, 17581, 14734, 10517, 4845, 7097, 12777, 14324, 2179, 4120, 29018, 6191, 2805, 12862, 16705, 18491, 20447, 23080, 21850, 13470, 26459, 10977, 22392, 21670, 9085, 16899, 2900, 29771, 28343, 13365, 8273, 18006, 30919, 424, 9118, 31450, 15713, 28154, 5608, 6872, 29815, 31226, 24262, 1745, 8391, 28486, 147, 7954, 13309, 31904, 2263, 29148, 11891, 6456, 14327, 10845, 17764, 5048, 31273, 27480, 15174, 29146, 13769, 17460, 11275, 31613, 2341, 26604, 23845, 14112, 16178, 9141, 18927, 4273, 11570, 14150, 22219, 17829, 9481, 10805, 3056, 6923, 25895, 5283, 12263, 31737, 20450, 7149, 4769, 3894, 19687, 6000, 4784, 22163, 30525, 21794, 27706, 22705, 17199, 19075, 18086, 27870, 21572, 4556, 190, 28896, 15575, 29229, 29752, 2014, 9667, 2661, 18318, 29293, 12982, 15902, 14960, 29980, 9010, 19113, 14406, 28210, 16752, 11409, 20996, 23272, 17852, 6612, 3823, 22141, 19839, 6290, 30887, 19406, 8467, 29516, 30309, 12748, 6443, 16133, 10225, 5054, 17648, 23383, 20468, 12209, 27430, 12749, 30200, 11188, 31121, 8917, 12231, 3996, 2663, 4815, 4746, 16083, 19433, 29815, 20430, 16136, 1824, 8646, 2030, 30103, 21919, 27900, 2922, 18593, 1194, 3179, 1071, 3588, 15203, 30125, 3573, 3586, 7268, 12621, 16383, 2451, 2098, 9648, 15654, 19836, 20106, 15948, 26804, 5603, 23027, 2670, 27113, 11510, 25338, 18778, 15523, 10059, 5227, 14951, 3942, 16137, 28024, 30434, 5057, 14918, 24787, 639, 684, 6606, 24131, 31608, 25861, 4669, 17709, 13591, 30798, 28323, 21397, 16850, 23479, 6330, 406, 8663, 15332, 19064, 24465, 30162, 21117, 12110, 13340, 19216, 22959, 26986, 24691, 29232, 20195, 7359, 10630, 20899, 11241, 10501, 14863, 11057, 2108, 1]],
[0,
[1]],
[
[[1459,
[28985, 24792, 24273, 12850, 28406, 4888, 2985, 26731, 19808, 20880, 22781, 1231, 1317, 23047, 6240, 20566, 24913, 16102, 23631, 7287, 3240, 10141, 1048, 22257, 10876, 30967, 8224, 15631, 12845, 28390, 29044, 16777, 9721, 2171, 28231, 12226, 3119, 2899, 9209, 14154, 9084, 246, 29923, 29933, 24038, 3066, 16154, 13946, 15112, 16768, 22818, 30418, 26862, 6715, 19465, 6197, 15458, 31870, 24053, 23626, 15817, 28413, 23679, 15861, 2188, 25876, 12980, 2653, 9441, 28348, 12689, 17126, 23539, 11580, 28882, 13872, 19123, 24652, 18016, 6147, 14783, 17313, 28682, 28882, 11812, 18251, 6327, 27583, 24515, 30936, 27483, 24296, 14767, 17451, 17536, 14298, 11697, 23214, 7231, 8146, 24145, 28319, 3931, 10326, 6829, 29402, 1603, 18040, 20548, 22431, 13914, 13532, 4882, 23438, 13315, 5379, 28042, 16829, 22105, 18884, 5601, 27694, 1818, 19653, 11926, 24257, 12837, 4760, 13753, 28733, 3567, 22305, 8615, 29623, 8928, 30847, 15427, 17295, 7278, 27485, 21683, 18111, 23098, 23407, 20316, 12941, 14824, 17679, 19495, 8602, 15875, 3724, 16946, 15109, 31519, 8324, 20097, 4328, 4332, 9196, 7750, 21855, 3493, 17636, 25172, 19797, 15146, 17578, 28563, 29995, 29393, 29662, 27147, 21932, 9816, 12781, 29071, 26943, 21638, 5191, 30133, 31293, 24375, 7172, 27610, 3727, 9528, 8290, 14980, 6448, 14454, 13476, 14613, 24408, 4397, 25386, 2353, 7603, 13823, 7453, 11935, 16331, 12251, 22994, 10750, 7100, 18086, 1730, 31504, 15629, 20594, 10090, 31037, 18742, 3573, 16232, 5456, 29082, 15872, 28623, 23860, 11434, 30843, 200, 18871, 23278, 22733, 15782, 22801, 5632, 5187, 25161, 21171, 3635, 17089, 1608, 14238, 1104, 5117, 6871, 31314, 926, 10276, 26956, 30675, 4777, 3911, 15597, 17107, 19425, 21863, 15734, 9883, 3401, 15917, 16845, 26724, 12746, 31382, 28021, 9288, 5919, 12673, 24705, 11757, 31113, 14011, 20659, 7042, 8270, 25057, 19916, 30773, 27538, 13800, 2386, 10389, 8209, 1952, 9656, 17343, 16654, 2413, 18657, 27049, 28582, 21361, 19262, 3824, 29005, 24100, 15874, 23677, 19391, 5787, 16129, 12405, 8251, 1057, 12160, 15317, 12648, 27392, 3548, 31175, 22912, 23011, 5909, 21406, 23558, 22825, 8579, 5094, 6338, 25549, 4576, 8133, 7412, 29937, 18625, 223, 9752, 6833, 16837, 349, 5642, 5744, 12550, 18724, 21794, 14458, 4157, 26658, 17453, 2596, 19879, 30273, 2145, 9991, 10818, 9773, 21601, 18423, 27461, 25290, 10827, 15490, 15813, 19138, 17516, 29732, 1679, 17134, 28515, 30444, 28386, 11503, 25138, 9281, 30344, 17635, 2532, 26786, 15314, 17629, 685, 16877, 5495, 8128, 27764, 8629, 2276, 2277, 18245, 3780, 20470, 19008, 7410, 28442, 6124, 27762, 12597, 12242, 10628, 7917, 15585, 9857, 2089, 5917, 13295, 15958, 28627, 6969, 7859, 2138, 27464, 30730, 27776, 29178, 28457, 14128, 29171, 16214, 10518, 2670, 31759, 18987, 31918, 18396, 31978, 31868, 10804, 31792, 11072, 12960, 3767, 2090, 26455, 20916, 31062, 7163, 29838, 30286, 29575, 6835, 27580, 15032, 24675, 16724, 30319, 20078, 7138, 29913, 25236, 29297, 19572, 26976, 31644, 18744, 5845, 13551, 10249, 27965, 16864, 31310, 28798, 30728, 8394, 6585, 23179, 11115, 23141, 2018, 31144, 21802, 28654, 31990, 30492, 25740, 7072, 17172, 6453, 5009, 16791, 30494, 24479, 10615, 10223, 5631, 10030, 6742, 12740, 24275, 29126, 21005, 8849, 31990, 10540, 12489, 23222, 16000, 21910, 16871, 2765, 31173, 12851, 15015, 13931, 28402, 15554, 10932, 12234, 27914, 11145, 19318, 8097, 27623, 12859, 4779, 8068, 3116, 2152, 25479, 27482, 5008, 400, 26953, 14343, 13261, 19534, 13083, 24818, 31660, 3742, 6114, 22275, 15892, 15351, 1846, 20396, 1146, 12637, 2257, 11357, 1430, 21179, 26135, 17541, 7297, 30636, 23550, 21056, 5656, 1527, 10933, 31612, 29799, 6974, 3808, 29650, 20025, 24807, 13452, 23248, 1939, 12163, 10188, 4232, 22458, 31510, 31685, 20626, 29190, 14390, 20591, 29345, 20357, 4052, 18070, 4011, 27038, 1765, 23244, 2509, 27337, 13703, 1848, 20692, 19145, 218, 7993, 4834, 12872, 27203, 10566, 30644, 28019, 4001, 18969, 17075, 28361, 19811, 21359, 30658, 6641, 13621, 17372, 20715, 12174, 15488, 25878, 22978, 4911, 29251, 14760, 27449, 30089, 14426, 17795, 17953, 11204, 28349, 29753, 7963, 28087, 11600, 20124, 5615, 3501, 4224, 19207, 31998, 6230, 29853, 29446, 5207, 9373, 26889, 31218, 19010, 18230, 7205, 16033, 23606, 7074, 21854, 28713, 4906, 8892, 18881, 20287, 9527, 5239, 30592, 30091, 24655, 23016, 14391, 12347, 23725, 6699, 14011, 22782, 29215, 12003, 2053, 29687, 13818, 31947, 26309, 17915, 155, 17338, 272, 29376, 26636, 11146, 554, 1435, 17079, 29539, 12014, 5611, 28376, 19115, 5564, 3387, 19915, 3943, 31922, 27872, 24456, 3349, 29286, 10413, 13454, 12164, 2529, 25401, 18417, 2202, 30714, 14283, 28395, 22414, 11652, 19252, 8457, 29752, 28266, 1232, 24334, 24753, 23529, 28485, 16035, 18121, 27433, 23739, 27647, 19705, 20491, 14227, 11225, 31236, 30826, 1661, 18326, 26733, 9333, 5106, 25304, 5065, 4582, 25574, 14692, 662, 3676, 17285, 4540, 6160, 17216, 1544, 29667, 8162, 20252, 9233, 6482, 27055, 5968, 31579, 27764, 31082, 11940, 26995, 10356, 11066, 16223, 3928, 12409, 20639, 18986, 24704, 29114, 30682, 31138, 13640, 25340, 16861, 11478, 30775, 20444, 15451, 10757, 11917, 31167, 10647, 30484, 23283, 20096, 14785, 14388, 14938, 15951, 18945, 5685, 11045, 15879, 15297, 20921, 16745, 26107, 24460, 24183, 21228, 15809, 18999, 30494, 26010, 11946, 28397, 538, 27274, 27145, 13060, 23782, 4100, 10000, 14163, 19462, 5067, 4405, 6306, 430, 4300, 16702, 30059, 7695, 31362, 407, 7961, 5037, 28043, 26520, 22273, 15444, 12616, 12019, 21309, 15531, 21971, 4857, 4399, 14641, 5253, 21748, 3150, 6184, 29113, 2814, 18677, 17346, 20441, 11324, 12215, 12725, 3300, 30806, 11537, 26081, 21280, 3768, 1990, 24125, 31819, 9463, 2269, 30924, 26446, 30303, 26899, 24475, 25308, 23782, 15766, 24780, 4896, 17872, 12467, 10574, 8191, 9611, 11736, 8196, 15202, 4436, 28201, 4182, 26260, 17555, 28938, 20592, 25230, 295, 24489, 10622, 9807, 2046, 25281, 365, 25840, 6916, 762, 9146, 5294, 16421, 14424, 6667, 31038, 14468, 13958, 11124, 15690, 13113, 13249, 10074, 23559, 16017, 3746, 23441, 25770, 24396, 25696, 13022, 3213, 24590, 21548, 20641, 7295, 19520, 2918, 16216, 25796, 14945, 5162, 18523, 23130, 26948, 17609, 22802, 27837, 7480, 20782, 7735, 27119, 13356, 9101, 15694, 28796, 226, 1551, 16904, 16094, 29112, 4173, 15284, 2040, 21521, 2776, 29849, 18947, 3668, 16474, 13349, 7906, 16454, 16383, 31559, 29250, 24451, 27651, 7551, 12893, 17275, 21501, 2000, 11227, 18973, 3016, 24970, 31960, 19239, 27538, 2637, 19164, 30837, 28172, 7119, 8290, 16131, 18300, 14104, 26704, 13467, 24134, 18932, 8688, 30451, 11650, 6614, 7509, 1005, 19798, 2467, 1662, 16076, 3104, 4949, 546, 8589, 17070, 2729, 5930, 27651, 978, 27388, 29298, 29228, 24703, 25444, 26335, 27640, 17662, 1613, 11670, 25980, 13551, 14941, 10463, 6882, 24647, 17884, 2168, 23658, 26640, 27576, 15253, 4079, 16571, 22371, 29345, 25195, 26363, 19377, 13914, 10883, 7813, 19647, 3635, 18466, 17238, 6500, 21606, 27260, 1514, 4215, 7826, 23034, 28532, 14297, 1770, 19047, 1681, 4554, 6817, 3054, 5085, 10834, 22708, 3211, 13889, 26450, 21825, 15666, 17206, 19369, 8374, 27921, 2714, 6473, 27875, 24819, 12485, 23129, 13091, 24217, 6215, 19294, 25414, 486, 21489, 15601, 24234, 26538, 10951, 30568, 14904, 24217, 5158, 6846, 16629, 16243, 16744, 10139, 4411, 26818, 20929, 27632, 27557, 26359, 28669, 23372, 25582, 30875, 26713, 7997, 8188, 30843, 18282, 3870, 23, 24936, 27120, 21506, 27814, 25806, 27221, 10070, 1647, 6558, 4238, 24883, 356, 25828, 8776, 27237, 12468, 9410, 1832, 17071, 22700, 438, 27829, 24454, 13894, 13674, 2222, 28959, 1738, 8343, 12918, 13086, 26418, 23532, 5817, 16295, 3062, 31822, 31365, 526, 12120, 30064, 22051, 10555, 30841, 24706, 29479, 29304, 15230, 2046, 8312, 1937, 9171, 9897, 23405, 754, 24532, 5359, 14538, 2378, 26355, 13573, 30386, 5701, 3022, 2523, 24824, 13829, 30667, 15767, 1988, 12943, 27939, 16799, 8145, 29778, 4885, 10364, 10528, 21498, 3657, 13195, 31211, 9082, 14235, 13737, 22646, 27277, 21980, 11770, 19443, 5260, 5077, 10113, 25268, 752, 24726, 22738, 16989, 2584, 16431, 13874, 31032, 29903, 16681, 5972, 9162, 16056, 14806, 296, 22690, 1242, 11454, 17241, 4948, 9455, 11993, 9136, 23289, 5184, 20757, 21133, 13570, 30099, 17408, 3623, 18955, 25452, 29784, 12449, 6649, 21980, 28599, 21627, 25203, 20622, 2236, 22837, 22118, 11928, 12923, 4468, 1934, 13229, 31039, 31674, 7645, 17221, 3120, 12667, 26864, 26984, 5266, 2555, 28691, 3700, 25677, 26790, 391, 16744, 31752, 28304, 9455, 9347, 6826, 26107, 27080, 745, 22672, 26220, 24158, 6336, 18789, 13150, 19539, 12942, 14612, 7791, 30236, 19734, 30496, 13702, 11059, 16663, 28785, 9767, 3068, 27885, 6234, 14196, 14767, 4509, 26191, 25697, 12569, 14290, 23074, 10896, 627, 27060, 13418, 14964, 3684, 16676, 10308, 21053, 1449, 11728, 19603, 17759, 9867, 6848, 23100, 11162, 5980, 16311, 10314, 18764, 19611, 7434, 9280, 7291, 13847, 28697, 16036, 8580, 18863, 28015, 24600, 9936, 23795, 8187, 3896, 10878, 1668, 4126, 17769, 12405, 30393, 5167, 23387, 26099, 25884, 6838, 26685, 10066, 26074, 21298, 25920, 9840, 10613, 7431, 16199, 2511, 20905, 10464, 16215, 20917, 1563, 2320, 21147, 3127, 10113, 12501, 25333, 27189, 18752, 20538, 24364, 23670, 10654, 30113, 21748, 11047, 13781, 21254, 14461, 4951, 25056, 1787, 25776, 18380, 27959, 31053, 31592, 18637, 1419, 7110, 19965, 10937, 14732, 3754, 26089, 28572, 12592, 7557, 6464, 9911, 6478, 2200, 8755, 5073, 30366, 8378, 2895, 23989, 2338, 8499, 1658, 28446, 1493, 24881, 11277, 2553, 31656, 20781, 27641, 30584, 9630, 10129, 31553, 3244, 24380, 9354, 24148, 2693, 27561, 28574, 26997, 10280, 25413, 7664, 30537, 9052, 28046, 17457, 20103, 28101, 16810, 2710, 24289, 31522, 24748, 25303, 15095, 26218, 18850, 9753, 10625, 8792, 5153, 10059, 6079, 2673, 2923, 9726, 23187, 19967, 21393, 8946, 26830, 11622, 7302, 4283, 1601, 16086, 28688, 11660, 8703, 4960]]]
]]]]]:
