square, p = 1: 4 surviving sets, 24 with vanishing least coefficient; surviving (E+, E-): [[0, 0], [0, 1], [0, 2], [0, 3]]
     [0, 0, [-1, 0, 1, 2, 3, 4, 5, 6]]
     [0, 1, [-2, 0, 1, 2, 3, 4, 5, 6]]
square, p = 2: 6 surviving sets, 36 with vanishing least coefficient; surviving (E+, E-): [[2, 0], [2, 1], [2, 2], [2, 3], [2, 2], [2, 3]]
square, p = 3: 7 surviving sets, 42 with vanishing least coefficient; surviving (E+, E-): [[2, 0], [2, 1], [2, 2], [2, 3], [2, 2], [2, 3], [2, 3]]
square, p = 4: 7 surviving sets, 42 with vanishing least coefficient; surviving (E+, E-): [[0, 0], [0, 1], [0, 2], [0, 3], [0, 2], [0, 3], [0, 3]]
     [0, 0, [-4, -3, -2, -1, 0, 1, 2, 3]]
     [0, 1, [-5, -3, -2, -1, 0, 1, 2, 3]]
control (1,2,4,7), p = 1: 28 surviving sets, 0 with vanishing least coefficient; surviving (E+, E-): [[0, 0], [0, 1], [0, 2], [0, 3], [1, 0], [1, 1], [1, 2], [1, 3], [2, 0], [2, 1], [2, 2], [2, 3], [3, 0], [3, 1], [3, 2], [3, 3], [2, 0], [2, 1], [2, 2], [2, 3], [3, 0], [3, 1], [3, 2], [3, 3], [3, 0], [3, 1], [3, 2], [3, 3]]
     [0, 0, [-1, 0, 1, 2, 3, 4, 5, 6]]
     [0, 1, [-2, 0, 1, 2, 3, 4, 5, 6]]
     [1, 0, [-1, 0, 1, 2, 3, 4, 5, 7]]
control (1,2,4,7), p = 2: 42 surviving sets, 0 with vanishing least coefficient; surviving (E+, E-): [[0, 0], [0, 1], [0, 2], [0, 3], [0, 2], [0, 3], [1, 0], [1, 1], [1, 2], [1, 3], [1, 2], [1, 3], [2, 0], [2, 1], [2, 2], [2, 3], [2, 2], [2, 3], [3, 0], [3, 1], [3, 2], [3, 3], [3, 2], [3, 3], [2, 0], [2, 1], [2, 2], [2, 3], [2, 2], [2, 3], [3, 0], [3, 1], [3, 2], [3, 3], [3, 2], [3, 3], [3, 0], [3, 1], [3, 2], [3, 3], [3, 2], [3, 3]]
     [0, 0, [-2, -1, 0, 1, 2, 3, 4, 5]]
     [0, 1, [-3, -1, 0, 1, 2, 3, 4, 5]]
     [1, 0, [-2, -1, 0, 1, 2, 3, 4, 6]]
control (1,2,4,7), p = 3: 49 surviving sets, 0 with vanishing least coefficient; surviving (E+, E-): [[0, 0], [0, 1], [0, 2], [0, 3], [0, 2], [0, 3], [0, 3], [1, 0], [1, 1], [1, 2], [1, 3], [1, 2], [1, 3], [1, 3], [2, 0], [2, 1], [2, 2], [2, 3], [2, 2], [2, 3], [2, 3], [3, 0], [3, 1], [3, 2], [3, 3], [3, 2], [3, 3], [3, 3], [2, 0], [2, 1], [2, 2], [2, 3], [2, 2], [2, 3], [2, 3], [3, 0], [3, 1], [3, 2], [3, 3], [3, 2], [3, 3], [3, 3], [3, 0], [3, 1], [3, 2], [3, 3], [3, 2], [3, 3], [3, 3]]
     [0, 0, [-3, -2, -1, 0, 1, 2, 3, 4]]
     [0, 1, [-4, -2, -1, 0, 1, 2, 3, 4]]
     [1, 0, [-3, -2, -1, 0, 1, 2, 3, 5]]
control (1,2,4,7), p = 4: 49 surviving sets, 0 with vanishing least coefficient; surviving (E+, E-): [[0, 0], [0, 1], [0, 2], [0, 3], [0, 2], [0, 3], [0, 3], [1, 0], [1, 1], [1, 2], [1, 3], [1, 2], [1, 3], [1, 3], [2, 0], [2, 1], [2, 2], [2, 3], [2, 2], [2, 3], [2, 3], [3, 0], [3, 1], [3, 2], [3, 3], [3, 2], [3, 3], [3, 3], [2, 0], [2, 1], [2, 2], [2, 3], [2, 2], [2, 3], [2, 3], [3, 0], [3, 1], [3, 2], [3, 3], [3, 2], [3, 3], [3, 3], [3, 0], [3, 1], [3, 2], [3, 3], [3, 2], [3, 3], [3, 3]]
     [0, 0, [-4, -3, -2, -1, 0, 1, 2, 3]]
     [0, 1, [-5, -3, -2, -1, 0, 1, 2, 3]]
     [1, 0, [-4, -3, -2, -1, 0, 1, 2, 4]]
