2 6 [(2, 2, 2), (2, 2, 2), (2, 2, 2), (2, 2, 2)]
2 8 [(2, 2, 3), (2, 2, 3), (2, 2, 3), (2, 2, 3)]
2 10 [(3, 3, 5), (3, 3, 5), (3, 3, 5), (4, 4, 5)]
2 12 [(4, 4, 8), (4, 4, 8), (4, 4, 8), (4, 4, 8)]
2 14 [(5, 5, 9), (5, 5, 9), (5, 5, 9), (5, 5, 9)]
3 6 [(1, 1, 2), (1, 1, 2), (1, 2, 2), (1, 1, 2)]
3 8 [(2, 2, 2), (0, 0, 2), (2, 2, 2), (2, 2, 2)]
3 10 [(3, 3, 3), (2, 2, 3), (2, 2, 3), (3, 3, 3)]
3 12 [(3, 3, 5), (3, 3, 5), (3, 3, 5), (3, 3, 5)]
3 14 [(4, 4, 6), (4, 4, 6), (4, 4, 6), (4, 4, 6)]
4 6 [(1, 1, 1), (1, 1, 1), (1, 1, 1), (1, 1, 1)]
4 8 [(2, 2, 2), (2, 2, 2), (1, 1, 2), (2, 2, 2)]
4 10 [(2, 2, 3), (2, 2, 3), (2, 2, 3), (2, 2, 3)]
4 12 [(2, 2, 3), (2, 2, 3), (3, 3, 3), (3, 3, 3)]
4 14 [(3, 3, 4), (2, 2, 4), (3, 3, 4), (3, 3, 4)]
5 6 [(1, 1, 1), (1, 1, 1), (0, 0, 1), (1, 1, 1)]
5 8 [(1, 1, 1), (1, 1, 1), (1, 1, 1), (1, 1, 1)]
5 10 [(2, 2, 2), (2, 2, 2), (2, 2, 2), (2, 2, 2)]
5 12 [(2, 2, 3), (2, 2, 3), (2, 2, 3), (2, 2, 3)]
5 14 [(3, 3, 4), (3, 3, 4), (3, 3, 4), (3, 3, 4)]
6 6 [(1, 1, 1), (1, 1, 1), (0, 0, 1), (1, 1, 1)]
6 8 [(1, 1, 1), (1, 1, 1), (1, 1, 1), (1, 1, 1)]
6 10 [(1, 1, 2), (1, 2, 2), (1, 2, 2), (1, 1, 2)]
6 12 [(2, 2, 2), (1, 1, 2), (2, 2, 2), (2, 2, 2)]
6 14 [(2, 2, 3), (3, 3, 3), (2, 2, 3), (2, 2, 3)]
mismatches: 3
{'r': 3, 'm': 6, 'trial': 2, 'cmin': 3, 'single': 2, 'positive': 2, 'free': 1, 'predicted': 2, 'quotient': [1, 3, 1, 0, 0, 0, 0], 'W': [1, 3, 0, -5, 3, 6, -10]}
{'r': 6, 'm': 10, 'trial': 1, 'cmin': 3, 'single': 2, 'positive': 2, 'free': 1, 'predicted': 2, 'quotient': [1, 4, 1, 0, 0, 0, 0, 0, 0, 0, 0], 'W': [1, 4, 0, -14, 4, 36, -35, -56, 126, 0, -252]}
{'r': 6, 'm': 10, 'trial': 2, 'cmin': 3, 'single': 2, 'positive': 2, 'free': 1, 'predicted': 2, 'quotient': [1, 4, 1, 0, 0, 0, 0, 0, 0, 0, 0], 'W': [1, 4, 0, -14, 4, 36, -35, -56, 126, 0, -252]}
