3 10 [(3, 3, 3), (2, 2, 3), (2, 2, 3), (3, 3, 3), (2, 2, 3), (2, 2, 3), (2, 2, 3), (2, 2, 3), (2, 2, 3), (3, 3, 3), (2, 2, 3), (3, 3, 3)]
3 12 [(3, 3, 5), (3, 3, 5), (3, 3, 5), (2, 2, 5), (4, 4, 5), (3, 3, 5), (3, 3, 5), (3, 3, 5), (3, 3, 5), (3, 3, 5), (2, 2, 5), (3, 3, 5)]
3 14 [(3, 3, 6), (4, 4, 6), (3, 3, 6), (2, 2, 6), (3, 3, 6), (4, 4, 6), (3, 3, 6), (3, 3, 6), (3, 3, 6), (4, 4, 6), (4, 4, 6), (3, 3, 6)]
3 16 [(4, 4, 9), (4, 4, 9), (4, 4, 9), (4, 4, 9), (3, 3, 9), (5, 5, 9), (4, 4, 9), (5, 5, 9), (4, 4, 9), (4, 4, 9), (4, 4, 9), (4, 4, 9)]
4 10 [(2, 2, 3), (2, 2, 3), (2, 2, 3), (2, 2, 3), (2, 2, 3), (2, 2, 3), (2, 2, 3), (2, 2, 3), (2, 2, 3), (2, 2, 3), (2, 2, 3), (2, 2, 3)]
4 12 [(3, 3, 3), (2, 2, 3), (3, 3, 3), (3, 3, 3), (2, 2, 3), (2, 2, 3), (2, 2, 3), (3, 3, 3), (3, 3, 3), (3, 3, 3), (2, 2, 3), (2, 2, 3)]
4 14 [(3, 3, 4), (3, 3, 4), (3, 3, 4), (3, 3, 4), (2, 2, 4), (2, 2, 4), (3, 3, 4), (2, 2, 4), (3, 3, 4), (3, 3, 4), (3, 3, 4), (3, 3, 4)]
4 16 [(4, 4, 6), (3, 3, 6), (4, 4, 6), (4, 4, 6), (4, 4, 6), (4, 4, 6), (4, 4, 6), (3, 3, 6), (3, 3, 6), (3, 3, 6), (3, 3, 6), (3, 3, 6)]
5 10 [(2, 2, 2), (2, 2, 2), (2, 2, 2), (2, 2, 2), (2, 2, 2), (2, 2, 2), (2, 2, 2), (2, 2, 2), (2, 2, 2), (2, 2, 2), (2, 2, 2), (1, 1, 2)]
5 12 [(3, 3, 3), (2, 2, 3), (2, 2, 3), (2, 2, 3), (2, 2, 3), (2, 2, 3), (2, 2, 3), (2, 2, 3), (2, 2, 3), (2, 2, 3), (2, 2, 3), (2, 2, 3)]
5 14 [(3, 3, 4), (3, 3, 4), (2, 2, 4), (3, 3, 4), (3, 3, 4), (3, 3, 4), (2, 2, 4), (3, 3, 4), (3, 3, 4), (3, 3, 4), (2, 2, 4), (3, 3, 4)]
5 16 [(3, 3, 4), (3, 3, 4), (3, 3, 4), (4, 4, 4), (3, 3, 4), (3, 3, 4), (3, 3, 4), (3, 3, 4), (3, 3, 4), (3, 3, 4), (3, 3, 4), (3, 3, 4)]
6 10 [(1, 2, 2), (1, 1, 2), (2, 2, 2), (1, 2, 2), (1, 1, 2), (1, 1, 2), (1, 2, 2), (1, 1, 2), (1, 1, 2), (2, 2, 2), (1, 1, 2), (1, 1, 2)]
6 12 [(2, 2, 2), (2, 2, 2), (2, 2, 2), (1, 1, 2), (2, 2, 2), (2, 2, 2), (2, 2, 2), (2, 2, 2), (2, 2, 2), (2, 2, 2), (1, 1, 2), (1, 1, 2)]
6 14 [(2, 2, 3), (2, 2, 3), (2, 2, 3), (2, 2, 3), (3, 3, 3), (2, 2, 3), (2, 2, 3), (2, 2, 3), (2, 3, 3), (3, 3, 3), (2, 2, 3), (2, 2, 3)]
6 16 [(3, 3, 4), (3, 3, 4), (3, 3, 4), (3, 3, 4), (3, 3, 4), (3, 3, 4), (3, 3, 4), (3, 3, 4), (3, 3, 4), (3, 3, 4), (3, 3, 4), (3, 3, 4)]
7 10 [(1, 1, 1), (1, 1, 1), (1, 1, 1), (1, 1, 1), (1, 1, 1), (1, 1, 1), (1, 1, 1), (1, 1, 1), (1, 2, 1), (1, 1, 1), (1, 1, 1), (1, 1, 1)]
7 12 [(1, 1, 2), (1, 1, 2), (2, 2, 2), (2, 2, 2), (2, 2, 2), (2, 2, 2), (2, 2, 2), (2, 2, 2), (1, 1, 2), (2, 2, 2), (1, 1, 2), (2, 2, 2)]
7 14 [(2, 2, 2), (2, 2, 2), (2, 2, 2), (2, 2, 2), (2, 2, 2), (2, 2, 2), (2, 2, 2), (2, 2, 2), (2, 2, 2), (2, 2, 2), (2, 2, 2), (1, 1, 2)]
7 16 [(3, 3, 3), (2, 2, 3), (3, 3, 3), (3, 3, 3), (3, 3, 3), (2, 2, 3), (2, 2, 3), (3, 3, 3), (3, 3, 3), (3, 3, 3), (3, 3, 3), (2, 2, 3)]
mismatches: 4 with strictly positive W at the failing degree: 1
{'r': 6, 'm': 10, 'trial': 0, 'lam': [[1, 2, 1, 0, 0, 0], [1, 2, 1, 0, 2, 0], [0, 0, 2, 1, 0, 0], [2, 1, 0, 2, 0, 2], [2, 0, 1, 1, 0, 2], [2, 2, 0, 1, 0, 2], [2, 1, 0, 2, 1, 1], [0, 1, 1, 2, 0, 0], [1, 1, 2, 1, 1, 0], [0, 1, 1, 0, 2, 2]], 'cmin': 3, 'single': 2, 'positive': 2, 'free': 1, 'predicted': 2, 'quotient': [1, 4, 1, 0], 'W': [1, 4, 0, -14, 4, 36, -35, -56, 126, 0, -252], 'strict_positive_at_failure': False}
{'r': 6, 'm': 10, 'trial': 3, 'lam': [[0, 1, 2, 0, 1, 2], [2, 0, 2, 0, 1, 2], [2, 0, 1, 0, 1, 2], [0, 2, 0, 2, 2, 1], [1, 0, 0, 1, 0, 2], [1, 1, 2, 0, 1, 1], [2, 1, 1, 0, 0, 2], [2, 2, 2, 0, 2, 0], [1, 1, 2, 0, 1, 0], [1, 2, 0, 2, 0, 2]], 'cmin': 3, 'single': 2, 'positive': 2, 'free': 1, 'predicted': 2, 'quotient': [1, 4, 1, 0], 'W': [1, 4, 0, -14, 4, 36, -35, -56, 126, 0, -252], 'strict_positive_at_failure': False}
{'r': 6, 'm': 10, 'trial': 6, 'lam': [[2, 1, 2, 0, 2, 0], [0, 1, 0, 1, 0, 0], [2, 1, 2, 1, 1, 2], [2, 1, 0, 1, 2, 2], [0, 2, 2, 0, 1, 1], [0, 0, 2, 0, 0, 1], [2, 2, 0, 1, 2, 1], [0, 0, 0, 2, 1, 0], [2, 1, 1, 0, 2, 1], [1, 0, 1, 1, 0, 1]], 'cmin': 3, 'single': 2, 'positive': 2, 'free': 1, 'predicted': 2, 'quotient': [1, 4, 1, 0], 'W': [1, 4, 0, -14, 4, 36, -35, -56, 126, 0, -252], 'strict_positive_at_failure': False}
{'r': 6, 'm': 14, 'trial': 8, 'lam': [[0, 0, 2, 2, 1, 0], [0, 0, 1, 0, 1, 0], [2, 2, 0, 0, 0, 0], [0, 2, 2, 1, 2, 0], [0, 0, 0, 2, 1, 1], [2, 2, 2, 2, 1, 2], [2, 2, 2, 0, 0, 1], [0, 2, 0, 0, 2, 1], [2, 1, 2, 0, 0, 2], [0, 1, 0, 2, 2, 1], [1, 0, 2, 2, 1, 2], [1, 2, 1, 2, 0, 1], [0, 2, 2, 0, 1, 2], [1, 2, 0, 1, 0, 0]], 'cmin': 5, 'single': 3, 'positive': 3, 'free': 2, 'predicted': 3, 'quotient': [1, 8, 22, 15, 0], 'W': [1, 8, 22, 14, -35, -28, 77, 22, -160, 64, 245, -308, -168, 672, -330], 'strict_positive_at_failure': True}
