p=3 s=1 T_s=[0, 1, 2] S_s=[0, 1]
p=3 s=2 T_s=[0, 1, 2, 3, 4] S_s=[0, 1, 2]
p=3 s=3 T_s=[0, 1, 2, 3, 4, 5, 6, 7] S_s=[0, 1, 2, 3]
p=3 s=4 T_s=[0, 1, 2, 3, 4, 5, 6, 7, 8, 9, 10, 11] S_s=[0, 1, 2, 3, 4]
p=3 s=5 T_s=[0, 1, 2, 3, 4, 5, 6, 7, 8, 9, 10, 11, 12, 13, 14, 15, 18] S_s=[0, 1, 2, 3, 4, 5]
p=3 s=6 T_s=[0, 1, 2, 3, 4, 5, 6, 7, 8, 9, 10, 11, 12, 13, 14, 15, 16, 17, 18, 19, 27, 28, 30] S_s=[0, 1, 2, 3, 4, 5, 9]
p=3 s=7 T_s=[0, 1, 2, 3, 4, 5, 6, 7, 8, 9, 10, 11, 12, 13, 14, 15, 16, 17, 18, 19, 20, 27, 28, 29, 30, 31, 32, 33, 36, 37] S_s=[0, 1, 2, 3, 4, 5, 9, 10]
p=3 s=8 T_s=[0, 1, 2, 3, 4, 5, 6, 7, 8, 9, 10, 11, 12, 13, 14, 15, 16, 17, 18, 19, 20, 21, 22, 27, 28, 29, 30, 31, 32, 33, 34, 35, 36, 37, 38, 39, 45, 46] S_s=[0, 1, 2, 3, 4, 5, 9, 10, 11]
p=3 non-consecutive T_n for n<=30: [5, 6, 7, 8, 9, 10, 11, 12, 13, 14, 15, 16, 17, 18, 19, 20, 21, 22, 23, 24, 25, 26, 27, 28, 29, 30]; non-consecutive S_s: [6, 7, 8, 9, 10, 11, 12, 13, 14, 15, 16, 17, 18, 19, 20, 21, 22, 23, 24, 25, 26, 27, 28, 29, 30]
p=5 non-consecutive T_n for n<=30: [5, 6, 7, 8, 9, 10, 11, 12, 13, 14, 15, 16, 17, 18, 19, 20, 21, 22, 23, 24, 25, 26, 27, 28, 29, 30]; non-consecutive S_s: [4, 5, 6, 7, 8, 9, 10, 11, 12, 13, 14, 15, 16, 17, 18, 19, 20, 21, 22, 23, 24, 25, 26, 27, 28, 29, 30]
p=7 non-consecutive T_n for n<=30: [4, 5, 6, 7, 8, 9, 10, 11, 12, 13, 14, 15, 16, 17, 18, 19, 20, 21, 22, 23, 24, 25, 26, 27, 28, 29, 30]; non-consecutive S_s: [5, 6, 7, 8, 9, 10, 11, 12, 13, 14, 15, 16, 17, 18, 19, 20, 21, 22, 23, 24, 25, 26, 27, 28, 29, 30]
p=1000003 non-consecutive T_n for n<=30: []; non-consecutive S_s: []
