[0;31m  ***   Warning: new maximum stack size = 1000001536 (953.676 Mbytes).[0m
[0;31m  ***   Warning: increasing stack size to 16000000.[0m
[0;31m  ***   Warning: increasing stack size to 16000000.[0m
[0;31m  ***   Warning: increasing stack size to 16000000.[0m
[0;31m  ***   Warning: increasing stack size to 16000000.[0m
[0;31m  ***   Warning: increasing stack size to 16000000.[0m
raw [h, alpha, beta] x two coefficient pairs for tasks [[2, 3, 1, 6], [2, 3, 1, 5], [2, 3, 1, 4], [2, 3, 1, 3], [2, 3, 2, 5], [2, 3, 1, 2], [2, 3, 3, 5], [2, 3, 2, 3], [2, 3, 3, 4], [2, 3, 4, 5], [2, 3, 5, 6], [2, 3, 1, 1], [2, 3, 6, 5], [2, 3, 5, 4], [2, 3, 4, 3], [2, 3, 3, 2], [2, 3, 5, 3], [2, 3, 2, 1], [2, 3, 5, 2], [2, 3, 3, 1], [2, 3, 4, 1], [2, 3, 5, 1], [2, 3, 6, 1], [2, 4, 1, 6], [2, 4, 1, 5], [2, 4, 1, 4], [2, 4, 1, 3], [2, 4, 2, 5], [2, 4, 1, 2], [2, 4, 3, 5], [2, 4, 2, 3], [2, 4, 3, 4], [2, 4, 4, 5], [2, 4, 5, 6], [2, 4, 1, 1], [2, 4, 6, 5], [2, 4, 5, 4], [2, 4, 4, 3], [2, 4, 3, 2], [2, 4, 5, 3], [2, 4, 2, 1], [2, 4, 5, 2], [2, 4, 3, 1], [2, 4, 4, 1], [2, 4, 5, 1], [2, 4, 6, 1], [3, 3, 1, 6], [3, 3, 1, 5], [3, 3, 1, 4], [3, 3, 1, 3], [3, 3, 2, 5], [3, 3, 1, 2], [3, 3, 3, 5], [3, 3, 2, 3], [3, 3, 3, 4], [3, 3, 4, 5], [3, 3, 5, 6], [3, 3, 1, 1], [3, 3, 6, 5], [3, 3, 5, 4], [3, 3, 4, 3], [3, 3, 3, 2], [3, 3, 5, 3], [3, 3, 2, 1], [3, 3, 5, 2], [3, 3, 3, 1], [3, 3, 4, 1], [3, 3, 5, 1], [3, 3, 6, 1], [3, 4, 1, 6], [3, 4, 1, 5], [3, 4, 1, 4], [3, 4, 1, 3], [3, 4, 2, 5], [3, 4, 1, 2], [3, 4, 3, 5], [3, 4, 2, 3], [3, 4, 3, 4], [3, 4, 4, 5], [3, 4, 5, 6], [3, 4, 1, 1], [3, 4, 6, 5], [3, 4, 5, 4], [3, 4, 4, 3], [3, 4, 3, 2], [3, 4, 5, 3], [3, 4, 2, 1], [3, 4, 5, 2], [3, 4, 3, 1], [3, 4, 4, 1], [3, 4, 5, 1], [3, 4, 6, 1]]: [[[6, 3, 2], [6, 3, 2]], [[6, 3, 2], [6, 3, 2]], [[6, 3, 2], [6, 3, 2]], [[6, 3, 2], [6, 3, 2]], [[12, 3, 2], [12, 3, 2]], [[6, 3, 3], [6, 3, 3]], [[16, 2, 3], [16, 2, 3]], [[10, 2, 3], [10, 2, 3]], [[14, 2, 3], [14, 2, 3]], [[18, 2, 3], [18, 2, 3]], [[22, 2, 3], [22, 2, 3]], [[4, 2, 3], [4, 2, 3]], [[22, 2, 3], [22, 2, 3]], [[18, 2, 3], [18, 2, 3]], [[14, 2, 3], [14, 2, 3]], [[10, 2, 3], [10, 2, 3]], [[16, 2, 3], [16, 2, 3]], [[6, 2, 4], [6, 2, 4]], [[12, 1, 4], [12, 1, 4]], [[6, 1, 4], [6, 1, 4]], [[6, 1, 4], [6, 1, 4]], [[6, 1, 4], [6, 1, 4]], [[6, 1, 4], [6, 1, 4]], [[12, 4, 3], [12, 4, 3]], [[12, 4, 3], [12, 4, 3]], [[12, 4, 3], [12, 4, 3]], [[12, 4, 4], [12, 4, 4]], [[22, 3, 4], [22, 3, 4]], [[10, 3, 4], [10, 3, 4]], [[28, 3, 4], [28, 3, 4]], [[18, 3, 4], [18, 3, 4]], [[26, 3, 4], [26, 3, 4]], [[34, 3, 4], [34, 3, 4]], [[42, 3, 4], [42, 3, 4]], [[8, 3, 5], [8, 3, 5]], [[42, 2, 5], [42, 2, 5]], [[34, 2, 5], [34, 2, 5]], [[26, 2, 5], [26, 2, 5]], [[18, 2, 5], [18, 2, 5]], [[28, 2, 5], [28, 2, 5]], [[10, 2, 5], [10, 2, 5]], [[22, 2, 5], [22, 2, 5]], [[12, 2, 6], [12, 2, 6]], [[12, 1, 6], [12, 1, 6]], [[12, 1, 6], [12, 1, 6]], [[12, 1, 6], [12, 1, 6]], [[18, 6, 2], [18, 6, 2]], [[18, 6, 2], [18, 6, 2]], [[18, 6, 2], [18, 6, 2]], [[17, 5, 3], [17, 5, 3]], [[32, 5, 3], [32, 5, 3]], [[15, 5, 3], [15, 5, 3]], [[43, 5, 3], [43, 5, 3]], [[28, 5, 3], [28, 5, 3]], [[41, 5, 3], [41, 5, 3]], [[54, 5, 4], [54, 5, 4]], [[66, 4, 4], [66, 4, 4]], [[12, 4, 4], [12, 4, 4]], [[66, 4, 4], [66, 4, 4]], [[54, 4, 5], [54, 4, 5]], [[41, 3, 5], [41, 3, 5]], [[28, 3, 5], [28, 3, 5]], [[43, 3, 5], [43, 3, 5]], [[15, 3, 5], [15, 3, 5]], [[32, 3, 5], [32, 3, 5]], [[17, 3, 5], [17, 3, 5]], [[18, 2, 6], [18, 2, 6]], [[18, 2, 6], [18, 2, 6]], [[18, 2, 6], [18, 2, 6]], [[36, 8, 3], [36, 8, 3]], [[36, 8, 4], [36, 8, 4]], [[34, 7, 4], [34, 7, 4]], [[32, 7, 4], [32, 7, 4]], [[62, 7, 4], [62, 7, 4]], [[30, 7, 5], [30, 7, 5]], [[84, 6, 5], [84, 6, 5]], [[54, 6, 5], [54, 6, 5]], [[77, 5, 6], [77, 5, 6]], [[99, 5, 6], [99, 5, 6]], [[121, 5, 6], [121, 5, 6]], [[22, 5, 6], [22, 5, 6]], [[121, 5, 6], [121, 5, 6]], [[99, 5, 6], [99, 5, 6]], [[77, 5, 6], [77, 5, 6]], [[54, 4, 7], [54, 4, 7]], [[84, 4, 7], [84, 4, 7]], [[30, 4, 8], [30, 4, 8]], [[62, 3, 8], [62, 3, 8]], [[32, 3, 8], [32, 3, 8]], [[34, 3, 8], [34, 3, 8]], [[36, 3, 9], [36, 3, 9]], [[36, 2, 9], [36, 2, 9]]]
(m,n)=(2,3), mn - 1 = 5; per weight w: h, limit poles (alpha,beta) for two coefficient pairs, complete if alpha+beta = mn-1
  w=[1, 6] h=6 poles [3, 2] / [3, 2]  complete
  w=[1, 5] h=6 poles [3, 2] / [3, 2]  complete
  w=[1, 4] h=6 poles [3, 2] / [3, 2]  complete
  w=[1, 3] h=6 poles [3, 2] / [3, 2]  complete
  w=[2, 5] h=12 poles [3, 2] / [3, 2]  complete
  w=[1, 2] h=6 poles [3, 3] / [3, 3]
  w=[3, 5] h=16 poles [2, 3] / [2, 3]  complete
  w=[2, 3] h=10 poles [2, 3] / [2, 3]  complete
  w=[3, 4] h=14 poles [2, 3] / [2, 3]  complete
  w=[4, 5] h=18 poles [2, 3] / [2, 3]  complete
  w=[5, 6] h=22 poles [2, 3] / [2, 3]  complete
  w=[1, 1] h=4 poles [2, 3] / [2, 3]  complete
  w=[6, 5] h=22 poles [2, 3] / [2, 3]  complete
  w=[5, 4] h=18 poles [2, 3] / [2, 3]  complete
  w=[4, 3] h=14 poles [2, 3] / [2, 3]  complete
  w=[3, 2] h=10 poles [2, 3] / [2, 3]  complete
  w=[5, 3] h=16 poles [2, 3] / [2, 3]  complete
  w=[2, 1] h=6 poles [2, 4] / [2, 4]
  w=[5, 2] h=12 poles [1, 4] / [1, 4]  complete
  w=[3, 1] h=6 poles [1, 4] / [1, 4]  complete
  w=[4, 1] h=6 poles [1, 4] / [1, 4]  complete
  w=[5, 1] h=6 poles [1, 4] / [1, 4]  complete
  w=[6, 1] h=6 poles [1, 4] / [1, 4]  complete
(m,n)=(2,4), mn - 1 = 7; per weight w: h, limit poles (alpha,beta) for two coefficient pairs, complete if alpha+beta = mn-1
  w=[1, 6] h=12 poles [4, 3] / [4, 3]  complete
  w=[1, 5] h=12 poles [4, 3] / [4, 3]  complete
  w=[1, 4] h=12 poles [4, 3] / [4, 3]  complete
  w=[1, 3] h=12 poles [4, 4] / [4, 4]
  w=[2, 5] h=22 poles [3, 4] / [3, 4]  complete
  w=[1, 2] h=10 poles [3, 4] / [3, 4]  complete
  w=[3, 5] h=28 poles [3, 4] / [3, 4]  complete
  w=[2, 3] h=18 poles [3, 4] / [3, 4]  complete
  w=[3, 4] h=26 poles [3, 4] / [3, 4]  complete
  w=[4, 5] h=34 poles [3, 4] / [3, 4]  complete
  w=[5, 6] h=42 poles [3, 4] / [3, 4]  complete
  w=[1, 1] h=8 poles [3, 5] / [3, 5]
  w=[6, 5] h=42 poles [2, 5] / [2, 5]  complete
  w=[5, 4] h=34 poles [2, 5] / [2, 5]  complete
  w=[4, 3] h=26 poles [2, 5] / [2, 5]  complete
  w=[3, 2] h=18 poles [2, 5] / [2, 5]  complete
  w=[5, 3] h=28 poles [2, 5] / [2, 5]  complete
  w=[2, 1] h=10 poles [2, 5] / [2, 5]  complete
  w=[5, 2] h=22 poles [2, 5] / [2, 5]  complete
  w=[3, 1] h=12 poles [2, 6] / [2, 6]
  w=[4, 1] h=12 poles [1, 6] / [1, 6]  complete
  w=[5, 1] h=12 poles [1, 6] / [1, 6]  complete
  w=[6, 1] h=12 poles [1, 6] / [1, 6]  complete
(m,n)=(3,3), mn - 1 = 8; per weight w: h, limit poles (alpha,beta) for two coefficient pairs, complete if alpha+beta = mn-1
  w=[1, 6] h=18 poles [6, 2] / [6, 2]  complete
  w=[1, 5] h=18 poles [6, 2] / [6, 2]  complete
  w=[1, 4] h=18 poles [6, 2] / [6, 2]  complete
  w=[1, 3] h=17 poles [5, 3] / [5, 3]  complete
  w=[2, 5] h=32 poles [5, 3] / [5, 3]  complete
  w=[1, 2] h=15 poles [5, 3] / [5, 3]  complete
  w=[3, 5] h=43 poles [5, 3] / [5, 3]  complete
  w=[2, 3] h=28 poles [5, 3] / [5, 3]  complete
  w=[3, 4] h=41 poles [5, 3] / [5, 3]  complete
  w=[4, 5] h=54 poles [5, 4] / [5, 4]
  w=[5, 6] h=66 poles [4, 4] / [4, 4]  complete
  w=[1, 1] h=12 poles [4, 4] / [4, 4]  complete
  w=[6, 5] h=66 poles [4, 4] / [4, 4]  complete
  w=[5, 4] h=54 poles [4, 5] / [4, 5]
  w=[4, 3] h=41 poles [3, 5] / [3, 5]  complete
  w=[3, 2] h=28 poles [3, 5] / [3, 5]  complete
  w=[5, 3] h=43 poles [3, 5] / [3, 5]  complete
  w=[2, 1] h=15 poles [3, 5] / [3, 5]  complete
  w=[5, 2] h=32 poles [3, 5] / [3, 5]  complete
  w=[3, 1] h=17 poles [3, 5] / [3, 5]  complete
  w=[4, 1] h=18 poles [2, 6] / [2, 6]  complete
  w=[5, 1] h=18 poles [2, 6] / [2, 6]  complete
  w=[6, 1] h=18 poles [2, 6] / [2, 6]  complete
(m,n)=(3,4), mn - 1 = 11; per weight w: h, limit poles (alpha,beta) for two coefficient pairs, complete if alpha+beta = mn-1
  w=[1, 6] h=36 poles [8, 3] / [8, 3]  complete
  w=[1, 5] h=36 poles [8, 4] / [8, 4]
  w=[1, 4] h=34 poles [7, 4] / [7, 4]  complete
  w=[1, 3] h=32 poles [7, 4] / [7, 4]  complete
  w=[2, 5] h=62 poles [7, 4] / [7, 4]  complete
  w=[1, 2] h=30 poles [7, 5] / [7, 5]
  w=[3, 5] h=84 poles [6, 5] / [6, 5]  complete
  w=[2, 3] h=54 poles [6, 5] / [6, 5]  complete
  w=[3, 4] h=77 poles [5, 6] / [5, 6]  complete
  w=[4, 5] h=99 poles [5, 6] / [5, 6]  complete
  w=[5, 6] h=121 poles [5, 6] / [5, 6]  complete
  w=[1, 1] h=22 poles [5, 6] / [5, 6]  complete
  w=[6, 5] h=121 poles [5, 6] / [5, 6]  complete
  w=[5, 4] h=99 poles [5, 6] / [5, 6]  complete
  w=[4, 3] h=77 poles [5, 6] / [5, 6]  complete
  w=[3, 2] h=54 poles [4, 7] / [4, 7]  complete
  w=[5, 3] h=84 poles [4, 7] / [4, 7]  complete
  w=[2, 1] h=30 poles [4, 8] / [4, 8]
  w=[5, 2] h=62 poles [3, 8] / [3, 8]  complete
  w=[3, 1] h=32 poles [3, 8] / [3, 8]  complete
  w=[4, 1] h=34 poles [3, 8] / [3, 8]  complete
  w=[5, 1] h=36 poles [3, 9] / [3, 9]
  w=[6, 1] h=36 poles [2, 9] / [2, 9]  complete
