# command: gap -q research/tools/bmd_cube_theta_tensor.g
# run d1983e35cc, session cube-theta-descent-20260926; full output
SIZE: five qubits, 32 basis states, 1024 Pauli labels, 32 characters
COMPACT_POLYNOMIAL_EXPANDED=u1*u2*u3*u5-u1*u2*u4*u5-u1*u3*u4*u5+u1*u2*u3-u1*u2\
*u4+u1*u3*u4-u2*u3*u5-u2*u4*u5-u3*u4*u5-u1*u5+u2*u3+u2*u4-u3*u4+u1+u5+1
POSITIVE_STATE_COEFFICIENTS=[ 1, 1, 0, 0, 0, 0, -1, -1, 0, 0, 1, -1, 1, -1, 
  0, 0, 1, -1, 0, 0, 0, 0, 1, -1, 0, 0, -1, -1, 1, 1, 0, 0 ]
NONZERO_TENSOR_TERMS=[
  [ [ 0, 0, 0, 0, 0 ], 1 ],
  [ [ 0, 0, 0, 0, 1 ], 1 ],
  [ [ 0, 0, 1, 1, 0 ], -1 ],
  [ [ 0, 0, 1, 1, 1 ], -1 ],
  [ [ 0, 1, 0, 1, 0 ], 1 ],
  [ [ 0, 1, 0, 1, 1 ], -1 ],
  [ [ 0, 1, 1, 0, 0 ], 1 ],
  [ [ 0, 1, 1, 0, 1 ], -1 ],
  [ [ 1, 0, 0, 0, 0 ], 1 ],
  [ [ 1, 0, 0, 0, 1 ], -1 ],
  [ [ 1, 0, 1, 1, 0 ], 1 ],
  [ [ 1, 0, 1, 1, 1 ], -1 ],
  [ [ 1, 1, 0, 1, 0 ], -1 ],
  [ [ 1, 1, 0, 1, 1 ], -1 ],
  [ [ 1, 1, 1, 0, 0 ], 1 ],
  [ [ 1, 1, 1, 0, 1 ], 1 ],
]
Syntax warning: Unbound global variable in research/tools/bmd_cube_theta_tenso\
r.g:72
 character:=List(KernelGenerators,v->SymplecticBit(label,v));
                                                   ^^^^^
Syntax warning: Unbound global variable in research/tools/bmd_cube_theta_tenso\
r.g:73
 ci:=1+Sum([1..5],j->character[j]*2^(j-1));
                     ^^^^^^^^^
CHARACTER_REPRESENTATIVES=[ [ 0, 0, 0, 0, 0, 0, 0, 0, 0, 0 ], 
  [ 0, 0, 0, 0, 0, 1, 0, 0, 0, 0 ], [ 0, 0, 0, 1, 0, 1, 0, 0, 0, 0 ], 
  [ 0, 0, 0, 1, 0, 0, 0, 0, 0, 0 ], [ 1, 1, 1, 1, 0, 0, 0, 0, 0, 0 ], 
  [ 1, 1, 1, 1, 0, 1, 0, 0, 0, 0 ], [ 1, 1, 1, 0, 0, 1, 0, 0, 0, 0 ], 
  [ 1, 1, 1, 0, 0, 0, 0, 0, 0, 0 ], [ 1, 0, 0, 1, 0, 1, 0, 0, 0, 0 ], 
  [ 1, 0, 0, 1, 0, 0, 0, 0, 0, 0 ], [ 1, 0, 0, 0, 0, 0, 0, 0, 0, 0 ], 
  [ 1, 0, 0, 0, 0, 1, 0, 0, 0, 0 ], [ 0, 1, 1, 0, 0, 1, 0, 0, 0, 0 ], 
  [ 0, 1, 1, 0, 0, 0, 0, 0, 0, 0 ], [ 0, 1, 1, 1, 0, 0, 0, 0, 0, 0 ], 
  [ 0, 1, 1, 1, 0, 1, 0, 0, 0, 0 ], [ 0, 1, 0, 1, 0, 0, 0, 0, 0, 0 ], 
  [ 0, 1, 0, 1, 0, 1, 0, 0, 0, 0 ], [ 0, 1, 0, 0, 0, 1, 0, 0, 0, 0 ], 
  [ 0, 1, 0, 0, 0, 0, 0, 0, 0, 0 ], [ 1, 0, 1, 0, 0, 0, 0, 0, 0, 0 ], 
  [ 1, 0, 1, 0, 0, 1, 0, 0, 0, 0 ], [ 1, 0, 1, 1, 0, 1, 0, 0, 0, 0 ], 
  [ 1, 0, 1, 1, 0, 0, 0, 0, 0, 0 ], [ 1, 1, 0, 0, 0, 1, 0, 0, 0, 0 ], 
  [ 1, 1, 0, 0, 0, 0, 0, 0, 0, 0 ], [ 1, 1, 0, 1, 0, 0, 0, 0, 0, 0 ], 
  [ 1, 1, 0, 1, 0, 1, 0, 0, 0, 0 ], [ 0, 0, 1, 1, 0, 1, 0, 0, 0, 0 ], 
  [ 0, 0, 1, 1, 0, 0, 0, 0, 0, 0 ], [ 0, 0, 1, 0, 0, 0, 0, 0, 0, 0 ], 
  [ 0, 0, 1, 0, 0, 1, 0, 0, 0, 0 ] ]
CHARACTER_STATES=
[ [ 1, 1, 0, 0, 0, 0, -1, -1, 0, 0, 1, -1, 1, -1, 0, 0, 1, -1, 0, 0, 0, 0, 1, 
      -1, 0, 0, -1, -1, 1, 1, 0, 0 ], 
  [ 1, 1, 0, 0, 0, 0, 1, 1, 0, 0, 1, -1, -1, 1, 0, 0, 1, -1, 0, 0, 0, 0, -1, 
      1, 0, 0, -1, -1, -1, -1, 0, 0 ], 
  [ 1, 1, 0, 0, 0, 0, 1, 1, 0, 0, -1, 1, 1, -1, 0, 0, 1, -1, 0, 0, 0, 0, -1, 
      1, 0, 0, 1, 1, 1, 1, 0, 0 ], 
  [ 1, 1, 0, 0, 0, 0, -1, -1, 0, 0, -1, 1, -1, 1, 0, 0, 1, -1, 0, 0, 0, 0, 1, 
      -1, 0, 0, 1, 1, -1, -1, 0, 0 ], 
  [ 0, 0, 1, 1, -1, -1, 0, 0, 1, -1, 0, 0, 0, 0, 1, -1, 0, 0, 1, -1, 1, -1, 
      0, 0, -1, -1, 0, 0, 0, 0, 1, 1 ], 
  [ 0, 0, 1, 1, 1, 1, 0, 0, 1, -1, 0, 0, 0, 0, -1, 1, 0, 0, 1, -1, -1, 1, 0, 
      0, -1, -1, 0, 0, 0, 0, -1, -1 ], 
  [ 0, 0, E(4), E(4), E(4), E(4), 0, 0, -E(4), E(4), 0, 0, 0, 0, E(4), -E(4), 
      0, 0, E(4), -E(4), -E(4), E(4), 0, 0, E(4), E(4), 0, 0, 0, 0, E(4), 
      E(4) ], 
  [ 0, 0, E(4), E(4), -E(4), -E(4), 0, 0, -E(4), E(4), 0, 0, 0, 0, -E(4), 
      E(4), 0, 0, E(4), -E(4), E(4), -E(4), 0, 0, E(4), E(4), 0, 0, 0, 0, 
      -E(4), -E(4) ], 
  [ 1, -1, 0, 0, 0, 0, -1, 1, 0, 0, 1, 1, 1, 1, 0, 0, 1, 1, 0, 0, 0, 0, 1, 1, 
      0, 0, -1, 1, 1, -1, 0, 0 ], 
  [ 1, -1, 0, 0, 0, 0, 1, -1, 0, 0, 1, 1, -1, -1, 0, 0, 1, 1, 0, 0, 0, 0, -1, 
      -1, 0, 0, -1, 1, -1, 1, 0, 0 ], 
  [ 1, -1, 0, 0, 0, 0, 1, -1, 0, 0, -1, -1, 1, 1, 0, 0, 1, 1, 0, 0, 0, 0, -1, 
      -1, 0, 0, 1, -1, 1, -1, 0, 0 ], 
  [ 1, -1, 0, 0, 0, 0, -1, 1, 0, 0, -1, -1, -1, -1, 0, 0, 1, 1, 0, 0, 0, 0, 
      1, 1, 0, 0, 1, -1, -1, 1, 0, 0 ], 
  [ 0, 0, 1, -1, -1, 1, 0, 0, 1, 1, 0, 0, 0, 0, 1, 1, 0, 0, 1, 1, 1, 1, 0, 0, 
      -1, 1, 0, 0, 0, 0, 1, -1 ], 
  [ 0, 0, 1, -1, 1, -1, 0, 0, 1, 1, 0, 0, 0, 0, -1, -1, 0, 0, 1, 1, -1, -1, 
      0, 0, -1, 1, 0, 0, 0, 0, -1, 1 ], 
  [ 0, 0, -E(4), E(4), -E(4), E(4), 0, 0, E(4), E(4), 0, 0, 0, 0, -E(4), 
      -E(4), 0, 0, -E(4), -E(4), E(4), E(4), 0, 0, -E(4), E(4), 0, 0, 0, 0, 
      -E(4), E(4) ], 
  [ 0, 0, -E(4), E(4), E(4), -E(4), 0, 0, E(4), E(4), 0, 0, 0, 0, E(4), E(4), 
      0, 0, -E(4), -E(4), -E(4), -E(4), 0, 0, -E(4), E(4), 0, 0, 0, 0, E(4), 
      -E(4) ], 
  [ 1, 1, 0, 0, 0, 0, -1, -1, 0, 0, -1, 1, -1, 1, 0, 0, -1, 1, 0, 0, 0, 0, 
      -1, 1, 0, 0, -1, -1, 1, 1, 0, 0 ], 
  [ 1, 1, 0, 0, 0, 0, 1, 1, 0, 0, -1, 1, 1, -1, 0, 0, -1, 1, 0, 0, 0, 0, 1, 
      -1, 0, 0, -1, -1, -1, -1, 0, 0 ], 
  [ 1, 1, 0, 0, 0, 0, 1, 1, 0, 0, 1, -1, -1, 1, 0, 0, -1, 1, 0, 0, 0, 0, 1, 
      -1, 0, 0, 1, 1, 1, 1, 0, 0 ], 
  [ 1, 1, 0, 0, 0, 0, -1, -1, 0, 0, 1, -1, 1, -1, 0, 0, -1, 1, 0, 0, 0, 0, 
      -1, 1, 0, 0, 1, 1, -1, -1, 0, 0 ], 
  [ 0, 0, -1, -1, 1, 1, 0, 0, 1, -1, 0, 0, 0, 0, 1, -1, 0, 0, 1, -1, 1, -1, 
      0, 0, 1, 1, 0, 0, 0, 0, -1, -1 ], 
  [ 0, 0, -1, -1, -1, -1, 0, 0, 1, -1, 0, 0, 0, 0, -1, 1, 0, 0, 1, -1, -1, 1, 
      0, 0, 1, 1, 0, 0, 0, 0, 1, 1 ], 
  [ 0, 0, E(4), E(4), E(4), E(4), 0, 0, E(4), -E(4), 0, 0, 0, 0, -E(4), E(4), 
      0, 0, -E(4), E(4), E(4), -E(4), 0, 0, E(4), E(4), 0, 0, 0, 0, E(4), 
      E(4) ], 
  [ 0, 0, E(4), E(4), -E(4), -E(4), 0, 0, E(4), -E(4), 0, 0, 0, 0, E(4), 
      -E(4), 0, 0, -E(4), E(4), -E(4), E(4), 0, 0, E(4), E(4), 0, 0, 0, 0, 
      -E(4), -E(4) ], 
  [ -E(4), E(4), 0, 0, 0, 0, E(4), -E(4), 0, 0, E(4), E(4), E(4), E(4), 0, 0, 
      E(4), E(4), 0, 0, 0, 0, E(4), E(4), 0, 0, E(4), -E(4), -E(4), E(4), 0, 
      0 ], [ -E(4), E(4), 0, 0, 0, 0, -E(4), E(4), 0, 0, E(4), E(4), -E(4), 
      -E(4), 0, 0, E(4), E(4), 0, 0, 0, 0, -E(4), -E(4), 0, 0, E(4), -E(4), 
      E(4), -E(4), 0, 0 ], 
  [ -E(4), E(4), 0, 0, 0, 0, -E(4), E(4), 0, 0, -E(4), -E(4), E(4), E(4), 0, 
      0, E(4), E(4), 0, 0, 0, 0, -E(4), -E(4), 0, 0, -E(4), E(4), -E(4), 
      E(4), 0, 0 ], 
  [ -E(4), E(4), 0, 0, 0, 0, E(4), -E(4), 0, 0, -E(4), -E(4), -E(4), -E(4), 
      0, 0, E(4), E(4), 0, 0, 0, 0, E(4), E(4), 0, 0, -E(4), E(4), E(4), 
      -E(4), 0, 0 ], 
  [ 0, 0, -E(4), E(4), E(4), -E(4), 0, 0, E(4), E(4), 0, 0, 0, 0, E(4), E(4), 
      0, 0, E(4), E(4), E(4), E(4), 0, 0, E(4), -E(4), 0, 0, 0, 0, -E(4), 
      E(4) ], [ 0, 0, -E(4), E(4), -E(4), E(4), 0, 0, E(4), E(4), 0, 0, 0, 0, 
      -E(4), -E(4), 0, 0, E(4), E(4), -E(4), -E(4), 0, 0, E(4), -E(4), 0, 0, 
      0, 0, E(4), -E(4) ], 
  [ 0, 0, 1, -1, 1, -1, 0, 0, 1, 1, 0, 0, 0, 0, -1, -1, 0, 0, -1, -1, 1, 1, 
      0, 0, 1, -1, 0, 0, 0, 0, 1, -1 ], 
  [ 0, 0, 1, -1, -1, 1, 0, 0, 1, 1, 0, 0, 0, 0, 1, 1, 0, 0, -1, -1, -1, -1, 
      0, 0, 1, -1, 0, 0, 0, 0, -1, 1 ] ]
PROJECTOR_RANK=1 STATE_SUPPORT=16 GRAM_SCALAR=16 CHARACTER_BASIS_RANK=32
PASS all 32 characters, all 160 eigenvalue relations, full character basis; mi\
ssing-term control rejected
