# command: env MM=3 OUT=research/results/bmd-20260929-k/hull.txt gp -q research/tools/bmd_cube_confluent_hull.gp
# run 4ba383adca, session bmd-20260929-k; full output
M=3 columns -5..8: 2814 nonzero minors
  alpha=1/6: min 1/2 attained by ["W0"]
  alpha=1/2: min 1/2 attained by ["W1"]
  alpha=2/3: min 0 attained by ["W1"]
  alpha=3/4: min -1/4 attained by ["W1"]
  alpha=9/10: min -7/10 attained by ["W1"]
  alpha=99/100: min -97/100 attained by ["W1"]
  alpha=1: min -1 attained by ["W1", "[-2, -1, 0, 1, 2, 4]", "[-2, -1, 0, 1, 2, 5]", "[-2, -1, 0, 1, 2, 6]", "[-2, -1, 0, 1, 2, 7]", "[-2, -1, 0, 1, 2, 8]", "[-2, -1, 0, 1, 3, 4]", "[-2, -1, 0, 1, 3, 5]", "[-2, -1, 0, 1, 3, 6]", "[-2, -1, 0, 1, 3, 7]", "[-2, -1, 0, 1, 3, 8]", "[-2, -1, 0, 1, 4, 5]", "[-2, -1, 0, 1, 4, 6]", "[-2, -1, 0, 1, 4, 7]", "[-2, -1, 0, 1, 4, 8]", "[-2, -1, 0, 1, 5, 6]", "[-2, -1, 0, 1, 5, 7]", "[-2, -1, 0, 1, 5, 8]", "[-2, -1, 0, 1, 6, 7]", "[-2, -1, 0, 1, 6, 8]", "[-2, -1, 0, 1, 7, 8]", "[-2, -1, 0, 2, 3, 4]", "[-2, -1, 0, 2, 3, 5]", "[-2, -1, 0, 2, 3, 6]", "[-2, -1, 0, 2, 3, 7]", "[-2, -1, 0, 2, 3, 8]", "[-2, -1, 0, 2, 4, 5]", "[-2, -1, 0, 2, 4, 6]", "[-2, -1, 0, 2, 4, 7]", "[-2, -1, 0, 2, 4, 8]", "[-2, -1, 0, 2, 5, 6]", "[-2, -1, 0, 2, 5, 7]", "[-2, -1, 0, 2, 5, 8]", "[-2, -1, 0, 2, 6, 7]", "[-2, -1, 0, 2, 6, 8]", "[-2, -1, 0, 2, 7, 8]", "[-2, -1, 0, 3, 4, 5]", "[-2, -1, 0, 3, 4, 6]", "[-2, -1, 0, 3, 4, 7]", "[-2, -1, 0, 3, 4, 8]", "[-2, -1, 0, 3, 5, 6]", "[-2, -1, 0, 3, 5, 7]", "[-2, -1, 0, 3, 5, 8]", "[-2, -1, 0, 3, 6, 7]", "[-2, -1, 0, 3, 6, 8]", "[-2, -1, 0, 3, 7, 8]", "[-2, -1, 0, 4, 5, 6]", "[-2, -1, 0, 4, 5, 7]", "[-2, -1, 0, 4, 5, 8]", "[-2, -1, 0, 4, 6, 7]", "[-2, -1, 0, 4, 6, 8]", "[-2, -1, 0, 4, 7, 8]", "[-2, -1, 0, 5, 6, 7]", "[-2, -1, 0, 5, 6, 8]", "[-2, -1, 0, 5, 7, 8]", "[-2, -1, 0, 6, 7, 8]", "[-2, -1, 1, 2, 3, 4]", "[-2, -1, 1, 2, 3, 5]", "[-2, -1, 1, 2, 3, 6]", "[-2, -1, 1, 2, 3, 7]", "[-2, -1, 1, 2, 3, 8]", "[-2, -1, 1, 2, 4, 5]", "[-2, -1, 1, 2, 4, 6]", "[-2, -1, 1, 2, 4, 7]", "[-2, -1, 1, 2, 4, 8]", "[-2, -1, 1, 2, 5, 6]", "[-2, -1, 1, 2, 5, 7]", "[-2, -1, 1, 2, 5, 8]", "[-2, -1, 1, 2, 6, 7]", "[-2, -1, 1, 2, 6, 8]", "[-2, -1, 1, 2, 7, 8]", "[-2, -1, 1, 3, 4, 5]", "[-2, -1, 1, 3, 4, 6]", "[-2, -1, 1, 3, 4, 7]", "[-2, -1, 1, 3, 4, 8]", "[-2, -1, 1, 3, 5, 6]", "[-2, -1, 1, 3, 5, 7]", "[-2, -1, 1, 3, 5, 8]", "[-2, -1, 1, 3, 6, 7]", "[-2, -1, 1, 3, 6, 8]", "[-2, -1, 1, 3, 7, 8]", "[-2, -1, 1, 4, 5, 6]", "[-2, -1, 1, 4, 5, 7]", "[-2, -1, 1, 4, 5, 8]", "[-2, -1, 1, 4, 6, 7]", "[-2, -1, 1, 4, 6, 8]", "[-2, -1, 1, 4, 7, 8]", "[-2, -1, 1, 5, 6, 7]", "[-2, -1, 1, 5, 6, 8]", "[-2, -1, 1, 5, 7, 8]", "[-2, -1, 1, 6, 7, 8]", "[-2, -1, 2, 3, 4, 5]", "[-2, -1, 2, 3, 4, 6]", "[-2, -1, 2, 3, 4, 7]", "[-2, -1, 2, 3, 4, 8]", "[-2, -1, 2, 3, 5, 6]", "[-2, -1, 2, 3, 5, 7]", "[-2, -1, 2, 3, 5, 8]", "[-2, -1, 2, 3, 6, 7]", "[-2, -1, 2, 3, 6, 8]", "[-2, -1, 2, 3, 7, 8]", "[-2, -1, 2, 4, 5, 6]", "[-2, -1, 2, 4, 5, 7]", "[-2, -1, 2, 4, 5, 8]", "[-2, -1, 2, 4, 6, 7]", "[-2, -1, 2, 4, 6, 8]", "[-2, -1, 2, 4, 7, 8]", "[-2, -1, 2, 5, 6, 7]", "[-2, -1, 2, 5, 6, 8]", "[-2, -1, 2, 5, 7, 8]", "[-2, -1, 2, 6, 7, 8]", "[-2, -1, 3, 4, 5, 6]", "[-2, -1, 3, 4, 5, 7]", "[-2, -1, 3, 4, 5, 8]", "[-2, -1, 3, 4, 6, 7]", "[-2, -1, 3, 4, 6, 8]", "[-2, -1, 3, 4, 7, 8]", "[-2, -1, 3, 5, 6, 7]", "[-2, -1, 3, 5, 6, 8]", "[-2, -1, 3, 5, 7, 8]", "[-2, -1, 3, 6, 7, 8]", "[-2, -1, 4, 5, 6, 7]", "[-2, -1, 4, 5, 6, 8]", "[-2, -1, 4, 5, 7, 8]", "[-2, -1, 4, 6, 7, 8]", "[-2, -1, 5, 6, 7, 8]", "[-2, 0, 1, 2, 3, 4]", "[-2, 0, 1, 2, 3, 5]", "[-2, 0, 1, 2, 3, 6]", "[-2, 0, 1, 2, 3, 7]", "[-2, 0, 1, 2, 3, 8]", "[-2, 0, 1, 2, 4, 5]", "[-2, 0, 1, 2, 4, 6]", "[-2, 0, 1, 2, 4, 7]", "[-2, 0, 1, 2, 4, 8]", "[-2, 0, 1, 2, 5, 6]", "[-2, 0, 1, 2, 5, 7]", "[-2, 0, 1, 2, 5, 8]", "[-2, 0, 1, 2, 6, 7]", "[-2, 0, 1, 2, 6, 8]", "[-2, 0, 1, 2, 7, 8]", "[-2, 0, 1, 3, 4, 5]", "[-2, 0, 1, 3, 4, 6]", "[-2, 0, 1, 3, 4, 7]", "[-2, 0, 1, 3, 4, 8]", "[-2, 0, 1, 3, 5, 6]", "[-2, 0, 1, 3, 5, 7]", "[-2, 0, 1, 3, 5, 8]", "[-2, 0, 1, 3, 6, 7]", "[-2, 0, 1, 3, 6, 8]", "[-2, 0, 1, 3, 7, 8]", "[-2, 0, 1, 4, 5, 6]", "[-2, 0, 1, 4, 5, 7]", "[-2, 0, 1, 4, 5, 8]", "[-2, 0, 1, 4, 6, 7]", "[-2, 0, 1, 4, 6, 8]", "[-2, 0, 1, 4, 7, 8]", "[-2, 0, 1, 5, 6, 7]", "[-2, 0, 1, 5, 6, 8]", "[-2, 0, 1, 5, 7, 8]", "[-2, 0, 1, 6, 7, 8]", "[-2, 0, 2, 3, 4, 5]", "[-2, 0, 2, 3, 4, 6]", "[-2, 0, 2, 3, 4, 7]", "[-2, 0, 2, 3, 4, 8]", "[-2, 0, 2, 3, 5, 6]", "[-2, 0, 2, 3, 5, 7]", "[-2, 0, 2, 3, 5, 8]", "[-2, 0, 2, 3, 6, 7]", "[-2, 0, 2, 3, 6, 8]", "[-2, 0, 2, 3, 7, 8]", "[-2, 0, 2, 4, 5, 6]", "[-2, 0, 2, 4, 5, 7]", "[-2, 0, 2, 4, 5, 8]", "[-2, 0, 2, 4, 6, 7]", "[-2, 0, 2, 4, 6, 8]", "[-2, 0, 2, 4, 7, 8]", "[-2, 0, 2, 5, 6, 7]", "[-2, 0, 2, 5, 6, 8]", "[-2, 0, 2, 5, 7, 8]", "[-2, 0, 2, 6, 7, 8]", "[-2, 0, 3, 4, 5, 6]", "[-2, 0, 3, 4, 5, 7]", "[-2, 0, 3, 4, 5, 8]", "[-2, 0, 3, 4, 6, 7]", "[-2, 0, 3, 4, 6, 8]", "[-2, 0, 3, 4, 7, 8]", "[-2, 0, 3, 5, 6, 7]", "[-2, 0, 3, 5, 6, 8]", "[-2, 0, 3, 5, 7, 8]", "[-2, 0, 3, 6, 7, 8]", "[-2, 0, 4, 5, 6, 7]", "[-2, 0, 4, 5, 6, 8]", "[-2, 0, 4, 5, 7, 8]", "[-2, 0, 4, 6, 7, 8]", "[-2, 0, 5, 6, 7, 8]", "[-2, 1, 2, 3, 4, 5]", "[-2, 1, 2, 3, 4, 6]", "[-2, 1, 2, 3, 4, 7]", "[-2, 1, 2, 3, 4, 8]", "[-2, 1, 2, 3, 5, 6]", "[-2, 1, 2, 3, 5, 7]", "[-2, 1, 2, 3, 5, 8]", "[-2, 1, 2, 3, 6, 7]", "[-2, 1, 2, 3, 6, 8]", "[-2, 1, 2, 3, 7, 8]", "[-2, 1, 2, 4, 5, 6]", "[-2, 1, 2, 4, 5, 7]", "[-2, 1, 2, 4, 5, 8]", "[-2, 1, 2, 4, 6, 7]", "[-2, 1, 2, 4, 6, 8]", "[-2, 1, 2, 4, 7, 8]", "[-2, 1, 2, 5, 6, 7]", "[-2, 1, 2, 5, 6, 8]", "[-2, 1, 2, 5, 7, 8]", "[-2, 1, 2, 6, 7, 8]", "[-2, 1, 3, 4, 5, 6]", "[-2, 1, 3, 4, 5, 7]", "[-2, 1, 3, 4, 5, 8]", "[-2, 1, 3, 4, 6, 7]", "[-2, 1, 3, 4, 6, 8]", "[-2, 1, 3, 4, 7, 8]", "[-2, 1, 3, 5, 6, 7]", "[-2, 1, 3, 5, 6, 8]", "[-2, 1, 3, 5, 7, 8]", "[-2, 1, 3, 6, 7, 8]", "[-2, 1, 4, 5, 6, 7]", "[-2, 1, 4, 5, 6, 8]", "[-2, 1, 4, 5, 7, 8]", "[-2, 1, 4, 6, 7, 8]", "[-2, 1, 5, 6, 7, 8]", "[-2, 2, 3, 4, 5, 6]", "[-2, 2, 3, 4, 5, 7]", "[-2, 2, 3, 4, 5, 8]", "[-2, 2, 3, 4, 6, 7]", "[-2, 2, 3, 4, 6, 8]", "[-2, 2, 3, 4, 7, 8]", "[-2, 2, 3, 5, 6, 7]", "[-2, 2, 3, 5, 6, 8]", "[-2, 2, 3, 5, 7, 8]", "[-2, 2, 3, 6, 7, 8]", "[-2, 2, 4, 5, 6, 7]", "[-2, 2, 4, 5, 6, 8]", "[-2, 2, 4, 5, 7, 8]", "[-2, 2, 4, 6, 7, 8]", "[-2, 2, 5, 6, 7, 8]", "[-2, 3, 4, 5, 6, 7]", "[-2, 3, 4, 5, 6, 8]", "[-2, 3, 4, 5, 7, 8]", "[-2, 3, 4, 6, 7, 8]", "[-2, 3, 5, 6, 7, 8]", "[-2, 4, 5, 6, 7, 8]", "W2", "[-1, 0, 1, 2, 3, 5]", "[-1, 0, 1, 2, 3, 6]", "[-1, 0, 1, 2, 3, 7]", "[-1, 0, 1, 2, 3, 8]", "[-1, 0, 1, 2, 4, 5]", "[-1, 0, 1, 2, 4, 6]", "[-1, 0, 1, 2, 4, 7]", "[-1, 0, 1, 2, 4, 8]", "[-1, 0, 1, 2, 5, 6]", "[-1, 0, 1, 2, 5, 7]", "[-1, 0, 1, 2, 5, 8]", "[-1, 0, 1, 2, 6, 7]", "[-1, 0, 1, 2, 6, 8]", "[-1, 0, 1, 2, 7, 8]", "[-1, 0, 1, 3, 4, 5]", "[-1, 0, 1, 3, 4, 6]", "[-1, 0, 1, 3, 4, 7]", "[-1, 0, 1, 3, 4, 8]", "[-1, 0, 1, 3, 5, 6]", "[-1, 0, 1, 3, 5, 7]", "[-1, 0, 1, 3, 5, 8]", "[-1, 0, 1, 3, 6, 7]", "[-1, 0, 1, 3, 6, 8]", "[-1, 0, 1, 3, 7, 8]", "[-1, 0, 1, 4, 5, 6]", "[-1, 0, 1, 4, 5, 7]", "[-1, 0, 1, 4, 5, 8]", "[-1, 0, 1, 4, 6, 7]", "[-1, 0, 1, 4, 6, 8]", "[-1, 0, 1, 4, 7, 8]", "[-1, 0, 1, 5, 6, 7]", "[-1, 0, 1, 5, 6, 8]", "[-1, 0, 1, 5, 7, 8]", "[-1, 0, 1, 6, 7, 8]", "[-1, 0, 2, 3, 4, 5]", "[-1, 0, 2, 3, 4, 6]", "[-1, 0, 2, 3, 4, 7]", "[-1, 0, 2, 3, 4, 8]", "[-1, 0, 2, 3, 5, 6]", "[-1, 0, 2, 3, 5, 7]", "[-1, 0, 2, 3, 5, 8]", "[-1, 0, 2, 3, 6, 7]", "[-1, 0, 2, 3, 6, 8]", "[-1, 0, 2, 3, 7, 8]", "[-1, 0, 2, 4, 5, 6]", "[-1, 0, 2, 4, 5, 7]", "[-1, 0, 2, 4, 5, 8]", "[-1, 0, 2, 4, 6, 7]", "[-1, 0, 2, 4, 6, 8]", "[-1, 0, 2, 4, 7, 8]", "[-1, 0, 2, 5, 6, 7]", "[-1, 0, 2, 5, 6, 8]", "[-1, 0, 2, 5, 7, 8]", "[-1, 0, 2, 6, 7, 8]", "[-1, 0, 3, 4, 5, 6]", "[-1, 0, 3, 4, 5, 7]", "[-1, 0, 3, 4, 5, 8]", "[-1, 0, 3, 4, 6, 7]", "[-1, 0, 3, 4, 6, 8]", "[-1, 0, 3, 4, 7, 8]", "[-1, 0, 3, 5, 6, 7]", "[-1, 0, 3, 5, 6, 8]", "[-1, 0, 3, 5, 7, 8]", "[-1, 0, 3, 6, 7, 8]", "[-1, 0, 4, 5, 6, 7]", "[-1, 0, 4, 5, 6, 8]", "[-1, 0, 4, 5, 7, 8]", "[-1, 0, 4, 6, 7, 8]", "[-1, 0, 5, 6, 7, 8]", "[-1, 1, 2, 3, 4, 5]", "[-1, 1, 2, 3, 4, 6]", "[-1, 1, 2, 3, 4, 7]", "[-1, 1, 2, 3, 4, 8]", "[-1, 1, 2, 3, 5, 6]", "[-1, 1, 2, 3, 5, 7]", "[-1, 1, 2, 3, 5, 8]", "[-1, 1, 2, 3, 6, 7]", "[-1, 1, 2, 3, 6, 8]", "[-1, 1, 2, 3, 7, 8]", "[-1, 1, 2, 4, 5, 6]", "[-1, 1, 2, 4, 5, 7]", "[-1, 1, 2, 4, 5, 8]", "[-1, 1, 2, 4, 6, 7]", "[-1, 1, 2, 4, 6, 8]", "[-1, 1, 2, 4, 7, 8]", "[-1, 1, 2, 5, 6, 7]", "[-1, 1, 2, 5, 6, 8]", "[-1, 1, 2, 5, 7, 8]", "[-1, 1, 2, 6, 7, 8]", "[-1, 1, 3, 4, 5, 6]", "[-1, 1, 3, 4, 5, 7]", "[-1, 1, 3, 4, 5, 8]", "[-1, 1, 3, 4, 6, 7]", "[-1, 1, 3, 4, 6, 8]", "[-1, 1, 3, 4, 7, 8]", "[-1, 1, 3, 5, 6, 7]", "[-1, 1, 3, 5, 6, 8]", "[-1, 1, 3, 5, 7, 8]", "[-1, 1, 3, 6, 7, 8]", "[-1, 1, 4, 5, 6, 7]", "[-1, 1, 4, 5, 6, 8]", "[-1, 1, 4, 5, 7, 8]", "[-1, 1, 4, 6, 7, 8]", "[-1, 1, 5, 6, 7, 8]", "[-1, 2, 3, 4, 5, 6]", "[-1, 2, 3, 4, 5, 7]", "[-1, 2, 3, 4, 5, 8]", "[-1, 2, 3, 4, 6, 7]", "[-1, 2, 3, 4, 6, 8]", "[-1, 2, 3, 4, 7, 8]", "[-1, 2, 3, 5, 6, 7]", "[-1, 2, 3, 5, 6, 8]", "[-1, 2, 3, 5, 7, 8]", "[-1, 2, 3, 6, 7, 8]", "[-1, 2, 4, 5, 6, 7]", "[-1, 2, 4, 5, 6, 8]", "[-1, 2, 4, 5, 7, 8]", "[-1, 2, 4, 6, 7, 8]", "[-1, 2, 5, 6, 7, 8]", "[-1, 3, 4, 5, 6, 7]", "[-1, 3, 4, 5, 6, 8]", "[-1, 3, 4, 5, 7, 8]", "[-1, 3, 4, 6, 7, 8]", "[-1, 3, 5, 6, 7, 8]", "[-1, 4, 5, 6, 7, 8]", "W3", "[0, 1, 2, 3, 4, 6]", "[0, 1, 2, 3, 4, 7]", "[0, 1, 2, 3, 4, 8]", "[0, 1, 2, 3, 5, 6]", "[0, 1, 2, 3, 5, 7]", "[0, 1, 2, 3, 5, 8]", "[0, 1, 2, 3, 6, 7]", "[0, 1, 2, 3, 6, 8]", "[0, 1, 2, 3, 7, 8]", "[0, 1, 2, 4, 5, 6]", "[0, 1, 2, 4, 5, 7]", "[0, 1, 2, 4, 5, 8]", "[0, 1, 2, 4, 6, 7]", "[0, 1, 2, 4, 6, 8]", "[0, 1, 2, 4, 7, 8]", "[0, 1, 2, 5, 6, 7]", "[0, 1, 2, 5, 6, 8]", "[0, 1, 2, 5, 7, 8]", "[0, 1, 2, 6, 7, 8]", "[0, 1, 3, 4, 5, 6]", "[0, 1, 3, 4, 5, 7]", "[0, 1, 3, 4, 5, 8]", "[0, 1, 3, 4, 6, 7]", "[0, 1, 3, 4, 6, 8]", "[0, 1, 3, 4, 7, 8]", "[0, 1, 3, 5, 6, 7]", "[0, 1, 3, 5, 6, 8]", "[0, 1, 3, 5, 7, 8]", "[0, 1, 3, 6, 7, 8]", "[0, 1, 4, 5, 6, 7]", "[0, 1, 4, 5, 6, 8]", "[0, 1, 4, 5, 7, 8]", "[0, 1, 4, 6, 7, 8]", "[0, 1, 5, 6, 7, 8]", "[0, 2, 3, 4, 5, 6]", "[0, 2, 3, 4, 5, 7]", "[0, 2, 3, 4, 5, 8]", "[0, 2, 3, 4, 6, 7]", "[0, 2, 3, 4, 6, 8]", "[0, 2, 3, 4, 7, 8]", "[0, 2, 3, 5, 6, 7]", "[0, 2, 3, 5, 6, 8]", "[0, 2, 3, 5, 7, 8]", "[0, 2, 3, 6, 7, 8]", "[0, 2, 4, 5, 6, 7]", "[0, 2, 4, 5, 6, 8]", "[0, 2, 4, 5, 7, 8]", "[0, 2, 4, 6, 7, 8]", "[0, 2, 5, 6, 7, 8]", "[0, 3, 4, 5, 6, 7]", "[0, 3, 4, 5, 6, 8]", "[0, 3, 4, 5, 7, 8]", "[0, 3, 4, 6, 7, 8]", "[0, 3, 5, 6, 7, 8]", "[0, 4, 5, 6, 7, 8]", "[1, 2, 3, 4, 5, 6]", "[1, 2, 3, 4, 5, 7]", "[1, 2, 3, 4, 5, 8]", "[1, 2, 3, 4, 6, 7]", "[1, 2, 3, 4, 6, 8]", "[1, 2, 3, 4, 7, 8]", "[1, 2, 3, 5, 6, 7]", "[1, 2, 3, 5, 6, 8]", "[1, 2, 3, 5, 7, 8]", "[1, 2, 3, 6, 7, 8]", "[1, 2, 4, 5, 6, 7]", "[1, 2, 4, 5, 6, 8]", "[1, 2, 4, 5, 7, 8]", "[1, 2, 4, 6, 7, 8]", "[1, 2, 5, 6, 7, 8]", "[1, 3, 4, 5, 6, 7]", "[1, 3, 4, 5, 6, 8]", "[1, 3, 4, 5, 7, 8]", "[1, 3, 4, 6, 7, 8]", "[1, 3, 5, 6, 7, 8]", "[1, 4, 5, 6, 7, 8]", "[2, 3, 4, 5, 6, 7]", "[2, 3, 4, 5, 6, 8]", "[2, 3, 4, 5, 7, 8]", "[2, 3, 4, 6, 7, 8]", "[2, 3, 5, 6, 7, 8]", "[2, 4, 5, 6, 7, 8]", "[3, 4, 5, 6, 7, 8]"]
  window valuations k=0..M: [0, 2, 8, 14]
