N8d4k4 {'N': 8, 'd': 4, 'k': 4, 'seed': 5, 's': 27, 'matching_monomials': 4292, 'q': 1014, 'w_image': 84, 'good': 84, 'multipliers': 285, 'h_sweep': [2, 3, 4, 5]}
N9d4k4 {'N': 9, 'd': 4, 'k': 4, 'seed': 6, 's': 30, 'matching_monomials': 6738, 'q': 2678, 'w_image': 468, 'good': 468, 'multipliers': 353, 'h_sweep': [5, 6, 7, 8, 9]}
jobs 420
{'config': 'N8d4k4', 'h': 2, 'kind': 'square', 'trial': 0, 'beta': 442, 'w_image': 84, 'actual': 3, 'predicted': 0, 'beta_per_form': [224, 219], 'forms': [[2, 2, 1, 2, 2, 0, 0, 1, 1, 1, 0, 0, 0, 0, 1, 0, 2, 0, 1, 0, 1, 0, 0, 0, 0, 1, 0], [1, 1, 2, 0, 1, 1, 1, 2, 0, 1, 0, 0, 2, 1, 2, 0, 0, 0, 0, 0, 0, 0, 1, 0, 2, 0, 0]]}
{'config': 'N8d4k4', 'h': 2, 'kind': 'square', 'trial': 17, 'beta': 455, 'w_image': 84, 'actual': 1, 'predicted': 0, 'beta_per_form': [229, 227], 'forms': [[1, 0, 1, 2, 1, 1, 0, 1, 1, 2, 2, 2, 1, 2, 0, 2, 0, 0, 0, 1, 2, 0, 0, 2, 0, 2, 1], [0, 1, 1, 0, 0, 2, 1, 2, 1, 2, 1, 0, 2, 2, 0, 1, 1, 1, 0, 2, 0, 0, 0, 0, 2, 1, 2]]}
{'config': 'N8d4k4', 'h': 3, 'kind': 'square', 'trial': 1, 'beta': 684, 'w_image': 84, 'actual': 1, 'predicted': 0, 'beta_per_form': [229, 229, 229], 'forms': [[1, 0, 0, 1, 2, 2, 2, 1, 0, 0, 1, 1, 2, 2, 1, 0, 2, 1, 1, 1, 0, 1, 0, 0, 1, 0, 1], [0, 2, 0, 1, 1, 1, 2, 1, 2, 2, 2, 2, 2, 0, 1, 0, 0, 0, 0, 2, 1, 1, 1, 2, 1, 2, 2], [2, 2, 1, 2, 2, 1, 0, 0, 1, 1, 1, 1, 1, 1, 0, 2, 2, 2, 1, 1, 2, 2, 2, 2, 2, 2, 0]]}
{'config': 'N8d4k4', 'h': 3, 'kind': 'square', 'trial': 7, 'beta': 672, 'w_image': 84, 'actual': 1, 'predicted': 0, 'beta_per_form': [219, 228, 228], 'forms': [[1, 0, 1, 2, 1, 0, 2, 2, 0, 0, 1, 1, 0, 0, 2, 1, 2, 0, 1, 0, 0, 1, 1, 0, 1, 0, 1], [2, 0, 2, 1, 2, 1, 0, 0, 0, 1, 0, 1, 2, 1, 1, 0, 1, 0, 0, 1, 0, 0, 0, 1, 1, 0, 2], [1, 2, 1, 1, 2, 1, 2, 1, 2, 0, 0, 2, 2, 2, 2, 0, 0, 1, 2, 2, 1, 2, 0, 0, 1, 2, 1]]}
{'config': 'N8d4k4', 'h': 3, 'kind': 'square', 'trial': 9, 'beta': 679, 'w_image': 84, 'actual': 1, 'predicted': 0, 'beta_per_form': [228, 229, 229], 'forms': [[0, 2, 2, 0, 1, 2, 1, 0, 0, 0, 0, 1, 2, 1, 2, 2, 2, 2, 0, 2, 2, 0, 2, 2, 1, 0, 1], [1, 0, 1, 2, 1, 0, 2, 2, 1, 0, 0, 2, 2, 2, 0, 0, 1, 2, 0, 1, 1, 0, 1, 2, 2, 2, 1], [0, 2, 1, 0, 0, 0, 1, 2, 0, 1, 2, 0, 0, 2, 2, 0, 1, 1, 0, 0, 2, 2, 2, 2, 2, 1, 1]]}
{'config': 'N8d4k4', 'h': 3, 'kind': 'square', 'trial': 11, 'beta': 665, 'w_image': 84, 'actual': 2, 'predicted': 0, 'beta_per_form': [229, 211, 228], 'forms': [[1, 2, 1, 2, 2, 1, 2, 1, 1, 2, 1, 0, 0, 1, 0, 0, 1, 2, 2, 1, 0, 2, 0, 0, 1, 2, 0], [2, 0, 1, 0, 1, 0, 0, 0, 2, 2, 0, 1, 0, 2, 2, 1, 1, 0, 1, 0, 2, 2, 0, 0, 0, 1, 2], [2, 1, 2, 2, 2, 1, 0, 1, 0, 1, 0, 2, 1, 0, 2, 0, 1, 1, 0, 1, 0, 2, 0, 1, 2, 1, 0]]}
{'config': 'N8d4k4', 'h': 3, 'kind': 'square', 'trial': 12, 'beta': 669, 'w_image': 84, 'actual': 1, 'predicted': 0, 'beta_per_form': [229, 214, 229], 'forms': [[1, 0, 0, 0, 0, 0, 1, 0, 2, 0, 1, 2, 2, 0, 2, 2, 0, 1, 1, 1, 0, 1, 1, 1, 0, 0, 2], [0, 1, 0, 1, 0, 1, 0, 2, 2, 1, 0, 1, 1, 0, 1, 2, 2, 2, 1, 0, 0, 1, 1, 2, 0, 0, 1], [1, 2, 1, 0, 0, 2, 2, 0, 0, 2, 0, 0, 0, 1, 0, 2, 1, 2, 2, 1, 0, 0, 1, 1, 0, 1, 2]]}
{'config': 'N8d4k4', 'h': 3, 'kind': 'square', 'trial': 16, 'beta': 635, 'w_image': 84, 'actual': 3, 'predicted': 0, 'beta_per_form': [227, 218, 193], 'forms': [[1, 2, 1, 1, 2, 0, 2, 2, 1, 2, 1, 0, 2, 0, 0, 2, 0, 0, 2, 2, 2, 2, 1, 2, 0, 1, 0], [1, 0, 1, 0, 2, 0, 0, 0, 0, 0, 2, 2, 1, 1, 0, 0, 1, 0, 2, 0, 2, 0, 1, 0, 0, 2, 1], [1, 0, 2, 2, 2, 2, 0, 0, 2, 1, 1, 1, 0, 0, 0, 0, 1, 2, 1, 0, 2, 1, 1, 0, 1, 2, 2]]}
{'config': 'N8d4k4', 'h': 3, 'kind': 'square', 'trial': 19, 'beta': 654, 'w_image': 84, 'actual': 4, 'predicted': 0, 'beta_per_form': [206, 229, 222], 'forms': [[2, 1, 2, 1, 1, 1, 2, 2, 2, 0, 0, 1, 0, 0, 1, 0, 0, 0, 1, 0, 2, 0, 1, 0, 0, 1, 1], [2, 0, 1, 2, 0, 1, 0, 2, 1, 1, 0, 1, 2, 2, 2, 0, 2, 0, 2, 2, 2, 1, 1, 2, 1, 0, 1], [0, 0, 0, 0, 0, 0, 1, 2, 2, 0, 1, 2, 1, 0, 1, 1, 2, 1, 0, 1, 2, 2, 2, 2, 2, 2, 1]]}
{'config': 'N8d4k4', 'h': 4, 'kind': 'square', 'trial': 4, 'beta': 890, 'w_image': 84, 'actual': 7, 'predicted': 0, 'beta_per_form': [210, 229, 228, 229], 'forms': [[0, 0, 0, 0, 0, 0, 0, 0, 2, 2, 0, 0, 1, 2, 1, 1, 1, 0, 1, 0, 1, 1, 2, 1, 0, 0, 0], [1, 1, 1, 0, 1, 1, 2, 0, 0, 1, 0, 2, 2, 0, 0, 2, 2, 0, 2, 2, 1, 2, 0, 0, 0, 0, 2], [2, 2, 0, 1, 0, 1, 0, 0, 1, 0, 0, 1, 1, 1, 2, 2, 1, 0, 0, 1, 0, 0, 0, 2, 2, 0, 0], [2, 2, 0, 0, 1, 0, 0, 0, 0, 0, 1, 0, 1, 0, 0, 1, 1, 0, 0, 1, 0, 1, 0, 1, 2, 2, 1]]}
{'config': 'N8d4k4', 'h': 4, 'kind': 'square', 'trial': 5, 'beta': 909, 'w_image': 84, 'actual': 4, 'predicted': 0, 'beta_per_form': [228, 229, 229, 229], 'forms': [[1, 2, 2, 0, 0, 1, 2, 0, 1, 0, 1, 1, 2, 1, 2, 2, 1, 1, 0, 2, 2, 2, 0, 0, 1, 0, 0], [0, 2, 1, 0, 0, 2, 1, 1, 1, 2, 2, 2, 0, 2, 1, 0, 1, 1, 0, 1, 2, 1, 1, 2, 0, 0, 0], [1, 1, 0, 2, 1, 1, 1, 0, 0, 0, 2, 1, 1, 1, 2, 0, 1, 1, 0, 1, 2, 1, 2, 1, 0, 1, 1], [2, 2, 0, 2, 2, 0, 0, 2, 0, 2, 1, 2, 1, 0, 2, 1, 0, 2, 1, 0, 0, 0, 2, 0, 1, 1, 2]]}
{'config': 'N8d4k4', 'h': 4, 'kind': 'square', 'trial': 10, 'beta': 894, 'w_image': 84, 'actual': 4, 'predicted': 0, 'beta_per_form': [223, 223, 229, 229], 'forms': [[0, 1, 2, 2, 2, 2, 2, 0, 0, 0, 0, 0, 2, 1, 0, 1, 0, 2, 0, 1, 0, 0, 2, 0, 1, 1, 0], [2, 2, 2, 2, 2, 1, 1, 2, 1, 1, 1, 1, 0, 2, 2, 0, 0, 0, 1, 1, 1, 0, 2, 0, 1, 0, 2], [0, 2, 1, 2, 1, 1, 1, 2, 2, 0, 1, 1, 2, 1, 2, 0, 1, 1, 2, 2, 0, 1, 0, 1, 2, 1, 1], [0, 1, 2, 0, 0, 0, 0, 2, 0, 2, 2, 0, 0, 1, 2, 2, 1, 0, 0, 2, 0, 1, 1, 1, 2, 0, 2]]}
{'config': 'N8d4k4', 'h': 4, 'kind': 'square', 'trial': 15, 'beta': 908, 'w_image': 84, 'actual': 2, 'predicted': 0, 'beta_per_form': [229, 227, 229, 229], 'forms': [[1, 0, 2, 2, 1, 0, 0, 2, 2, 1, 0, 2, 2, 0, 0, 2, 1, 0, 2, 2, 2, 1, 0, 0, 1, 1, 1], [2, 1, 1, 2, 2, 0, 1, 1, 1, 2, 0, 0, 1, 0, 0, 2, 2, 2, 0, 1, 0, 0, 0, 2, 2, 0, 2], [1, 1, 1, 2, 2, 2, 2, 2, 0, 2, 2, 2, 1, 2, 2, 1, 0, 1, 2, 0, 0, 0, 0, 1, 1, 2, 1], [0, 2, 0, 0, 0, 0, 2, 2, 2, 1, 2, 2, 1, 0, 2, 1, 1, 1, 2, 0, 1, 2, 1, 1, 1, 0, 2]]}
{'config': 'N8d4k4', 'h': 4, 'kind': 'square', 'trial': 16, 'beta': 908, 'w_image': 84, 'actual': 1, 'predicted': 0, 'beta_per_form': [228, 229, 228, 229], 'forms': [[2, 2, 2, 0, 2, 2, 1, 2, 1, 0, 0, 0, 1, 0, 0, 2, 2, 1, 0, 1, 0, 2, 1, 1, 1, 2, 1], [0, 1, 2, 2, 2, 2, 2, 2, 2, 2, 0, 0, 0, 2, 2, 2, 0, 0, 0, 2, 1, 0, 1, 1, 2, 1, 0], [0, 1, 0, 1, 0, 1, 1, 1, 1, 1, 0, 2, 2, 1, 2, 0, 0, 0, 0, 2, 2, 0, 1, 2, 1, 1, 0], [2, 2, 1, 1, 0, 2, 2, 2, 1, 1, 1, 1, 1, 1, 2, 1, 1, 1, 2, 1, 2, 1, 2, 0, 1, 2, 2]]}
{'config': 'N8d4k4', 'h': 4, 'kind': 'square', 'trial': 17, 'beta': 865, 'w_image': 84, 'actual': 11, 'predicted': 0, 'beta_per_form': [228, 228, 223, 192], 'forms': [[0, 1, 1, 1, 2, 2, 0, 2, 1, 0, 1, 1, 1, 0, 0, 0, 0, 0, 2, 0, 1, 2, 2, 2, 1, 2, 2], [2, 2, 2, 2, 2, 1, 2, 2, 0, 1, 2, 0, 1, 0, 0, 1, 2, 0, 2, 1, 0, 0, 1, 0, 1, 1, 2], [1, 1, 2, 0, 0, 2, 0, 0, 0, 2, 0, 0, 2, 0, 1, 0, 1, 2, 2, 0, 2, 1, 0, 0, 2, 2, 2], [0, 1, 1, 1, 1, 1, 2, 2, 2, 1, 0, 1, 0, 1, 2, 0, 0, 0, 0, 0, 0, 0, 0, 0, 0, 2, 2]]}
{'config': 'N8d4k4', 'h': 4, 'kind': 'square', 'trial': 18, 'beta': 899, 'w_image': 84, 'actual': 27, 'predicted': 0, 'beta_per_form': [228, 229, 219, 229], 'forms': [[1, 0, 1, 1, 1, 1, 1, 0, 2, 1, 0, 0, 0, 0, 2, 1, 1, 2, 0, 1, 2, 0, 0, 2, 1, 0, 1], [2, 0, 1, 1, 0, 0, 2, 2, 0, 2, 0, 2, 0, 1, 0, 1, 2, 2, 0, 2, 1, 2, 1, 1, 2, 1, 0], [0, 2, 1, 0, 1, 2, 0, 0, 2, 1, 0, 0, 1, 1, 0, 0, 0, 0, 0, 0, 0, 0, 1, 0, 2, 0, 2], [0, 0, 1, 1, 1, 0, 1, 0, 0, 1, 0, 2, 0, 0, 1, 1, 1, 0, 0, 1, 1, 2, 2, 0, 0, 1, 1]]}
{'config': 'N8d4k4', 'h': 4, 'kind': 'square', 'trial': 19, 'beta': 896, 'w_image': 84, 'actual': 2, 'predicted': 0, 'beta_per_form': [226, 218, 229, 229], 'forms': [[2, 0, 0, 1, 0, 0, 1, 2, 2, 2, 0, 1, 0, 2, 0, 2, 2, 1, 0, 0, 2, 0, 0, 2, 1, 2, 2], [0, 0, 0, 2, 0, 2, 1, 1, 0, 1, 2, 1, 0, 0, 1, 0, 2, 2, 2, 1, 2, 2, 0, 2, 2, 1, 1], [0, 0, 1, 0, 1, 1, 0, 2, 2, 1, 2, 1, 2, 1, 1, 1, 0, 1, 2, 2, 2, 1, 2, 2, 2, 1, 2], [2, 0, 0, 0, 1, 1, 1, 2, 2, 1, 0, 2, 0, 0, 1, 2, 2, 2, 2, 2, 2, 2, 0, 1, 1, 0, 1]]}
{'config': 'N8d4k4', 'h': 5, 'kind': 'square', 'trial': 2, 'beta': 1012, 'w_image': 84, 'actual': 83, 'predicted': 82, 'beta_per_form': [229, 227, 229, 229, 213], 'forms': [[0, 0, 0, 0, 2, 1, 2, 0, 1, 0, 2, 1, 2, 1, 0, 1, 1, 0, 0, 2, 2, 2, 0, 2, 0, 0, 1], [0, 2, 0, 0, 0, 2, 1, 0, 2, 1, 2, 1, 2, 1, 2, 1, 0, 1, 0, 0, 0, 1, 1, 0, 2, 2, 1], [1, 0, 2, 0, 2, 0, 1, 2, 2, 1, 2, 1, 0, 2, 2, 2, 1, 2, 2, 0, 1, 2, 1, 1, 2, 2, 0], [0, 1, 0, 2, 2, 1, 1, 0, 1, 2, 1, 2, 0, 2, 1, 1, 0, 1, 0, 2, 0, 2, 0, 0, 2, 2, 1], [1, 0, 1, 0, 1, 1, 2, 2, 2, 1, 0, 2, 0, 1, 1, 1, 1, 0, 0, 1, 2, 1, 2, 1, 0, 1, 2]]}
{'config': 'N8d4k4', 'h': 5, 'kind': 'square', 'trial': 3, 'beta': 1004, 'w_image': 84, 'actual': 76, 'predicted': 74, 'beta_per_form': [227, 218, 214, 228, 229], 'forms': [[1, 2, 2, 2, 2, 0, 0, 0, 2, 0, 0, 1, 2, 0, 0, 2, 1, 2, 2, 1, 1, 1, 2, 0, 2, 0, 2], [2, 0, 2, 1, 0, 2, 0, 0, 1, 0, 2, 0, 0, 1, 0, 0, 2, 0, 2, 2, 1, 1, 0, 1, 1, 2, 1], [0, 0, 0, 1, 1, 2, 0, 2, 1, 0, 0, 0, 0, 0, 2, 0, 2, 2, 0, 2, 0, 1, 0, 2, 1, 0, 0], [1, 2, 0, 1, 2, 0, 2, 2, 0, 0, 1, 2, 0, 0, 0, 2, 2, 1, 2, 2, 2, 0, 1, 1, 2, 2, 1], [2, 2, 1, 0, 1, 0, 0, 1, 2, 0, 2, 1, 0, 2, 0, 0, 1, 1, 0, 2, 0, 2, 1, 1, 2, 1, 2]]}
{'config': 'N8d4k4', 'h': 5, 'kind': 'square', 'trial': 5, 'beta': 1010, 'w_image': 84, 'actual': 81, 'predicted': 80, 'beta_per_form': [223, 228, 229, 228, 229], 'forms': [[2, 2, 2, 0, 0, 1, 1, 1, 1, 2, 2, 2, 2, 0, 0, 2, 0, 1, 0, 0, 0, 0, 1, 1, 1, 2, 0], [1, 2, 0, 2, 1, 1, 0, 2, 0, 2, 2, 1, 1, 0, 0, 0, 1, 0, 2, 1, 1, 0, 1, 1, 1, 2, 2], [1, 1, 1, 0, 0, 2, 2, 2, 1, 2, 0, 0, 2, 1, 2, 0, 2, 0, 1, 2, 1, 2, 1, 1, 0, 2, 0], [1, 1, 2, 1, 1, 0, 2, 0, 1, 0, 1, 2, 1, 1, 1, 1, 1, 0, 0, 1, 1, 0, 2, 0, 2, 1, 2], [2, 1, 0, 0, 0, 1, 0, 1, 2, 1, 1, 2, 2, 0, 0, 1, 0, 1, 1, 2, 1, 1, 2, 2, 0, 1, 1]]}
{'config': 'N8d4k4', 'h': 5, 'kind': 'square', 'trial': 6, 'beta': 1013, 'w_image': 84, 'actual': 84, 'predicted': 83, 'beta_per_form': [222, 226, 226, 229, 229], 'forms': [[1, 1, 1, 0, 2, 0, 1, 1, 1, 2, 2, 2, 1, 1, 1, 2, 1, 2, 2, 0, 0, 0, 0, 0, 2, 2, 2], [2, 2, 2, 2, 0, 2, 1, 0, 2, 0, 2, 1, 2, 2, 1, 0, 0, 1, 2, 1, 0, 1, 2, 2, 0, 1, 2], [1, 1, 1, 2, 2, 0, 1, 1, 2, 1, 0, 2, 0, 1, 1, 0, 0, 0, 1, 2, 0, 0, 0, 1, 2, 0, 1], [2, 2, 2, 1, 2, 0, 2, 1, 0, 2, 2, 2, 2, 2, 2, 0, 2, 0, 0, 1, 0, 1, 0, 1, 0, 0, 2], [2, 1, 0, 1, 2, 2, 2, 1, 0, 2, 1, 0, 2, 0, 0, 1, 1, 1, 0, 0, 2, 1, 1, 0, 0, 1, 2]]}
{'config': 'N8d4k4', 'h': 5, 'kind': 'square', 'trial': 7, 'beta': 1011, 'w_image': 84, 'actual': 82, 'predicted': 81, 'beta_per_form': [229, 215, 226, 228, 229], 'forms': [[2, 2, 1, 2, 0, 2, 1, 1, 1, 2, 2, 2, 0, 1, 0, 2, 2, 2, 0, 2, 0, 2, 1, 1, 1, 2, 2], [2, 1, 0, 0, 2, 0, 0, 1, 1, 0, 0, 0, 2, 0, 0, 1, 0, 1, 2, 0, 2, 0, 1, 1, 2, 1, 0], [0, 0, 2, 0, 0, 2, 2, 0, 0, 1, 0, 2, 1, 2, 0, 2, 2, 2, 0, 0, 1, 0, 2, 1, 2, 0, 1], [1, 2, 0, 0, 1, 2, 0, 0, 1, 0, 2, 0, 2, 0, 0, 0, 0, 0, 0, 0, 2, 1, 2, 0, 0, 2, 0], [2, 0, 2, 2, 2, 0, 2, 1, 0, 2, 2, 0, 0, 2, 1, 1, 1, 0, 1, 0, 1, 2, 0, 1, 0, 2, 2]]}
{'config': 'N8d4k4', 'h': 5, 'kind': 'square', 'trial': 11, 'beta': 1013, 'w_image': 84, 'actual': 84, 'predicted': 83, 'beta_per_form': [216, 229, 226, 226, 229], 'forms': [[0, 1, 1, 1, 1, 1, 2, 0, 0, 1, 0, 2, 0, 0, 2, 0, 0, 0, 2, 0, 0, 1, 0, 2, 0, 1, 1], [1, 0, 1, 2, 1, 1, 0, 2, 0, 0, 0, 0, 1, 2, 1, 1, 0, 1, 2, 2, 0, 2, 1, 1, 0, 2, 2], [0, 0, 1, 2, 2, 0, 2, 0, 0, 1, 0, 2, 0, 0, 1, 2, 0, 2, 2, 0, 2, 0, 0, 1, 1, 1, 2], [1, 0, 0, 2, 2, 0, 0, 2, 0, 0, 1, 0, 1, 1, 0, 2, 1, 1, 0, 0, 2, 2, 2, 1, 0, 1, 0], [0, 1, 0, 2, 0, 1, 0, 2, 2, 1, 1, 1, 0, 2, 2, 2, 1, 2, 1, 0, 0, 1, 2, 0, 0, 0, 1]]}
{'config': 'N8d4k4', 'h': 5, 'kind': 'square', 'trial': 12, 'beta': 1001, 'w_image': 84, 'actual': 78, 'predicted': 71, 'beta_per_form': [220, 229, 223, 229, 208], 'forms': [[0, 2, 1, 1, 1, 2, 0, 2, 0, 0, 0, 2, 0, 0, 2, 1, 1, 1, 0, 0, 1, 0, 2, 2, 0, 0, 0], [2, 0, 1, 0, 0, 2, 0, 1, 2, 1, 0, 1, 1, 0, 0, 1, 1, 1, 0, 1, 2, 0, 1, 2, 1, 0, 1], [1, 1, 0, 1, 1, 1, 0, 2, 2, 0, 0, 1, 1, 1, 2, 0, 0, 2, 2, 0, 0, 0, 0, 1, 2, 0, 1], [2, 2, 0, 2, 0, 0, 0, 2, 0, 0, 2, 0, 0, 1, 0, 0, 2, 2, 0, 0, 1, 1, 1, 1, 1, 2, 1], [1, 2, 1, 0, 1, 0, 0, 0, 0, 2, 0, 2, 2, 2, 2, 1, 0, 0, 2, 0, 2, 0, 0, 0, 1, 0, 1]]}
{'config': 'N8d4k4', 'h': 5, 'kind': 'square', 'trial': 13, 'beta': 1004, 'w_image': 84, 'actual': 75, 'predicted': 74, 'beta_per_form': [225, 229, 229, 227, 229], 'forms': [[0, 1, 0, 0, 0, 2, 0, 0, 1, 0, 1, 0, 0, 0, 1, 1, 1, 0, 2, 1, 0, 1, 2, 1, 2, 2, 0], [2, 0, 0, 1, 1, 1, 0, 1, 1, 2, 1, 1, 0, 1, 0, 2, 2, 1, 2, 1, 0, 0, 2, 1, 0, 1, 1], [1, 2, 1, 1, 2, 1, 0, 1, 2, 2, 0, 2, 1, 1, 2, 2, 2, 1, 0, 2, 0, 1, 2, 1, 2, 0, 0], [0, 2, 1, 0, 1, 1, 0, 2, 1, 2, 0, 2, 1, 0, 2, 0, 2, 1, 1, 1, 2, 2, 0, 0, 0, 1, 0], [1, 1, 1, 2, 1, 1, 0, 2, 2, 2, 1, 2, 0, 0, 2, 1, 1, 2, 2, 1, 1, 0, 0, 1, 2, 2, 1]]}
{'config': 'N8d4k4', 'h': 5, 'kind': 'square', 'trial': 15, 'beta': 980, 'w_image': 84, 'actual': 65, 'predicted': 50, 'beta_per_form': [229, 229, 226, 228, 229], 'forms': [[2, 1, 0, 0, 0, 0, 2, 1, 0, 1, 1, 2, 2, 2, 0, 2, 1, 0, 0, 0, 0, 1, 0, 1, 0, 0, 1], [2, 2, 1, 0, 0, 0, 1, 2, 2, 0, 0, 2, 1, 0, 2, 2, 2, 1, 0, 1, 0, 2, 1, 0, 2, 1, 0], [2, 2, 1, 1, 2, 0, 2, 1, 2, 1, 2, 0, 2, 0, 1, 0, 0, 2, 0, 0, 0, 2, 1, 2, 1, 2, 2], [0, 0, 0, 2, 0, 1, 0, 1, 1, 2, 1, 2, 1, 0, 1, 0, 2, 0, 2, 1, 1, 2, 1, 0, 0, 2, 0], [0, 1, 0, 0, 1, 0, 0, 1, 1, 2, 2, 2, 1, 1, 2, 0, 1, 0, 2, 2, 0, 0, 0, 2, 0, 2, 2]]}
{'config': 'N8d4k4', 'h': 5, 'kind': 'square', 'trial': 17, 'beta': 983, 'w_image': 84, 'actual': 58, 'predicted': 53, 'beta_per_form': [229, 228, 229, 226, 229], 'forms': [[2, 0, 1, 0, 2, 2, 2, 0, 2, 1, 2, 1, 2, 1, 1, 2, 1, 2, 0, 2, 2, 1, 1, 2, 0, 1, 0], [0, 1, 0, 1, 2, 1, 1, 0, 1, 1, 2, 0, 1, 1, 1, 0, 2, 1, 0, 2, 1, 2, 2, 2, 0, 2, 2], [2, 2, 2, 1, 0, 2, 1, 1, 1, 2, 0, 2, 0, 1, 1, 0, 2, 2, 1, 2, 1, 1, 0, 0, 1, 1, 2], [0, 0, 1, 0, 1, 2, 1, 2, 1, 2, 0, 2, 2, 1, 2, 1, 2, 2, 0, 0, 1, 2, 0, 1, 0, 0, 1], [0, 2, 0, 0, 2, 1, 1, 2, 2, 1, 0, 1, 2, 0, 0, 2, 0, 2, 1, 1, 0, 0, 1, 2, 0, 1, 2]]}
{'config': 'N8d4k4', 'h': 5, 'kind': 'square', 'trial': 18, 'beta': 1006, 'w_image': 84, 'actual': 76, 'predicted': 76, 'beta_per_form': [229, 228, 229, 229, 229]}
{'config': 'N8d4k4', 'h': 5, 'kind': 'randomW', 'trial': 4, 'beta': 1009, 'w_image': 84, 'actual': 79, 'predicted': 79}
{'config': 'N8d4k4', 'h': 5, 'kind': 'randomW', 'trial': 7, 'beta': 979, 'w_image': 84, 'actual': 49, 'predicted': 49}
{'config': 'N8d4k4', 'h': 5, 'kind': 'randomW', 'trial': 11, 'beta': 1011, 'w_image': 84, 'actual': 81, 'predicted': 81}
{'config': 'N9d4k4', 'h': 5, 'kind': 'square', 'trial': 7, 'beta': 1469, 'w_image': 468, 'actual': 1, 'predicted': 0, 'beta_per_form': [298, 288, 297, 298, 298], 'forms': [[2, 2, 1, 1, 1, 2, 2, 0, 0, 2, 1, 0, 1, 0, 2, 2, 1, 2, 0, 2, 1, 1, 1, 2, 1, 2, 1, 1, 2, 1], [2, 0, 2, 0, 0, 2, 1, 0, 0, 0, 0, 0, 1, 0, 1, 2, 2, 2, 0, 0, 1, 0, 0, 0, 2, 1, 0, 1, 2, 2], [2, 2, 0, 1, 1, 2, 2, 1, 0, 1, 0, 0, 1, 1, 1, 1, 2, 2, 1, 2, 2, 2, 1, 0, 0, 1, 1, 0, 2, 1], [2, 2, 2, 1, 1, 2, 2, 0, 2, 0, 0, 1, 2, 1, 1, 0, 0, 1, 1, 2, 1, 1, 2, 0, 1, 0, 0, 2, 0, 1], [0, 1, 1, 1, 0, 0, 1, 2, 2, 1, 2, 2, 0, 1, 2, 2, 0, 1, 1, 1, 2, 1, 1, 0, 1, 2, 2, 0, 0, 0]]}
{'config': 'N9d4k4', 'h': 6, 'kind': 'square', 'trial': 10, 'beta': 1772, 'w_image': 468, 'actual': 1, 'predicted': 0, 'beta_per_form': [298, 297, 298, 298, 298, 298], 'forms': [[0, 0, 1, 0, 0, 2, 0, 1, 1, 1, 1, 1, 0, 2, 2, 0, 1, 0, 0, 2, 1, 2, 0, 1, 1, 2, 1, 1, 2, 2], [2, 1, 0, 1, 0, 2, 2, 0, 0, 0, 2, 0, 1, 0, 0, 1, 2, 1, 1, 0, 0, 0, 2, 2, 0, 1, 2, 0, 1, 1], [0, 1, 1, 1, 2, 2, 2, 2, 2, 2, 0, 1, 2, 1, 2, 1, 0, 0, 0, 1, 0, 1, 0, 1, 1, 1, 1, 2, 2, 1], [2, 1, 2, 0, 2, 1, 0, 1, 0, 2, 2, 2, 0, 1, 2, 0, 2, 2, 1, 1, 2, 2, 1, 2, 0, 1, 0, 1, 1, 1], [1, 1, 0, 2, 1, 0, 0, 0, 0, 2, 2, 1, 1, 2, 1, 2, 1, 2, 2, 1, 1, 0, 2, 2, 1, 2, 1, 0, 1, 1], [0, 2, 1, 1, 1, 0, 2, 1, 1, 2, 0, 0, 1, 2, 2, 2, 2, 2, 1, 1, 0, 0, 2, 0, 2, 2, 2, 2, 2, 2]]}
{'config': 'N9d4k4', 'h': 7, 'kind': 'square', 'trial': 8, 'beta': 2056, 'w_image': 468, 'actual': 2, 'predicted': 0, 'beta_per_form': [298, 289, 298, 298, 298, 298, 298], 'forms': [[0, 1, 1, 2, 0, 2, 2, 2, 1, 2, 2, 2, 0, 2, 1, 0, 2, 2, 0, 1, 0, 0, 0, 2, 0, 0, 1, 0, 0, 2], [0, 0, 0, 0, 1, 2, 2, 0, 0, 0, 2, 2, 0, 1, 0, 2, 0, 1, 1, 0, 2, 0, 1, 0, 1, 2, 2, 2, 0, 1], [1, 2, 2, 1, 2, 1, 0, 1, 1, 1, 1, 2, 1, 0, 1, 0, 2, 2, 0, 2, 1, 2, 1, 2, 0, 1, 2, 0, 2, 0], [0, 0, 1, 1, 2, 2, 0, 2, 2, 2, 2, 1, 1, 2, 0, 1, 0, 1, 2, 1, 1, 2, 2, 0, 1, 1, 1, 0, 2, 0], [1, 1, 2, 2, 1, 1, 1, 0, 0, 0, 0, 0, 2, 1, 0, 2, 2, 1, 0, 1, 1, 2, 2, 1, 2, 2, 0, 0, 0, 2], [2, 0, 0, 1, 2, 0, 0, 2, 0, 2, 1, 2, 0, 2, 0, 2, 0, 0, 0, 2, 1, 0, 0, 2, 1, 1, 2, 0, 1, 2], [2, 1, 1, 1, 1, 1, 0, 2, 0, 0, 1, 0, 1, 0, 1, 2, 2, 0, 0, 1, 0, 2, 1, 0, 2, 0, 0, 1, 1, 2]]}
{'config': 'N9d4k4', 'h': 7, 'kind': 'square', 'trial': 9, 'beta': 2053, 'w_image': 468, 'actual': 1, 'predicted': 0, 'beta_per_form': [298, 298, 298, 298, 298, 297, 287], 'forms': [[1, 0, 0, 1, 1, 0, 2, 0, 0, 1, 1, 1, 2, 1, 0, 0, 0, 1, 2, 1, 2, 0, 2, 1, 2, 0, 0, 1, 1, 2], [0, 2, 0, 1, 2, 1, 1, 0, 2, 2, 2, 1, 0, 1, 1, 1, 0, 0, 2, 2, 1, 2, 2, 0, 2, 1, 2, 1, 2, 0], [2, 2, 0, 2, 1, 2, 0, 0, 0, 2, 0, 2, 1, 0, 2, 2, 2, 2, 1, 0, 0, 1, 2, 0, 2, 1, 2, 2, 2, 2], [1, 0, 1, 0, 1, 2, 0, 1, 2, 0, 0, 2, 2, 2, 1, 1, 2, 2, 2, 1, 0, 1, 1, 0, 1, 2, 0, 2, 1, 2], [1, 2, 1, 1, 1, 1, 2, 1, 2, 2, 0, 2, 2, 1, 1, 1, 0, 0, 1, 0, 2, 1, 0, 0, 0, 1, 1, 2, 2, 2], [2, 1, 0, 2, 0, 1, 1, 0, 0, 1, 0, 0, 0, 1, 0, 2, 1, 2, 2, 2, 0, 0, 2, 1, 2, 2, 2, 2, 1, 2], [1, 1, 0, 2, 2, 0, 0, 0, 0, 2, 1, 2, 0, 2, 2, 1, 1, 2, 2, 0, 0, 0, 0, 0, 2, 2, 1, 0, 0, 0]]}
{'config': 'N9d4k4', 'h': 7, 'kind': 'generic', 'trial': 0, 'beta': 2275, 'w_image': 468, 'actual': 65, 'predicted': 65}
{'config': 'N9d4k4', 'h': 7, 'kind': 'generic', 'trial': 1, 'beta': 2275, 'w_image': 468, 'actual': 65, 'predicted': 65}
{'config': 'N9d4k4', 'h': 7, 'kind': 'generic', 'trial': 2, 'beta': 2275, 'w_image': 468, 'actual': 65, 'predicted': 65}
{'config': 'N9d4k4', 'h': 7, 'kind': 'generic', 'trial': 3, 'beta': 2275, 'w_image': 468, 'actual': 65, 'predicted': 65}
{'config': 'N9d4k4', 'h': 7, 'kind': 'generic', 'trial': 4, 'beta': 2275, 'w_image': 468, 'actual': 65, 'predicted': 65}
{'config': 'N9d4k4', 'h': 7, 'kind': 'generic', 'trial': 5, 'beta': 2275, 'w_image': 468, 'actual': 65, 'predicted': 65}
{'config': 'N9d4k4', 'h': 7, 'kind': 'generic', 'trial': 6, 'beta': 2275, 'w_image': 468, 'actual': 65, 'predicted': 65}
{'config': 'N9d4k4', 'h': 7, 'kind': 'generic', 'trial': 7, 'beta': 2275, 'w_image': 468, 'actual': 65, 'predicted': 65}
{'config': 'N9d4k4', 'h': 7, 'kind': 'generic', 'trial': 8, 'beta': 2275, 'w_image': 468, 'actual': 65, 'predicted': 65}
{'config': 'N9d4k4', 'h': 7, 'kind': 'generic', 'trial': 9, 'beta': 2275, 'w_image': 468, 'actual': 65, 'predicted': 65}
{'config': 'N9d4k4', 'h': 7, 'kind': 'generic', 'trial': 10, 'beta': 2275, 'w_image': 468, 'actual': 65, 'predicted': 65}
{'config': 'N9d4k4', 'h': 7, 'kind': 'generic', 'trial': 11, 'beta': 2275, 'w_image': 468, 'actual': 65, 'predicted': 65}
{'config': 'N9d4k4', 'h': 8, 'kind': 'square', 'trial': 0, 'beta': 2355, 'w_image': 468, 'actual': 145, 'predicted': 145, 'beta_per_form': [298, 298, 298, 298, 298, 297, 298, 298]}
{'config': 'N9d4k4', 'h': 8, 'kind': 'square', 'trial': 1, 'beta': 2356, 'w_image': 468, 'actual': 146, 'predicted': 146, 'beta_per_form': [298, 298, 298, 298, 298, 298, 298, 298]}
{'config': 'N9d4k4', 'h': 8, 'kind': 'square', 'trial': 2, 'beta': 2350, 'w_image': 468, 'actual': 140, 'predicted': 140, 'beta_per_form': [298, 298, 298, 298, 298, 298, 298, 292]}
{'config': 'N9d4k4', 'h': 8, 'kind': 'square', 'trial': 3, 'beta': 2356, 'w_image': 468, 'actual': 146, 'predicted': 146, 'beta_per_form': [298, 298, 298, 298, 298, 298, 298, 298]}
{'config': 'N9d4k4', 'h': 8, 'kind': 'square', 'trial': 4, 'beta': 2337, 'w_image': 468, 'actual': 127, 'predicted': 127, 'beta_per_form': [298, 279, 298, 298, 298, 298, 298, 298]}
{'config': 'N9d4k4', 'h': 8, 'kind': 'square', 'trial': 5, 'beta': 2356, 'w_image': 468, 'actual': 146, 'predicted': 146, 'beta_per_form': [298, 298, 298, 298, 298, 298, 298, 298]}
{'config': 'N9d4k4', 'h': 8, 'kind': 'square', 'trial': 6, 'beta': 2356, 'w_image': 468, 'actual': 146, 'predicted': 146, 'beta_per_form': [298, 298, 298, 298, 298, 298, 298, 298]}
{'config': 'N9d4k4', 'h': 8, 'kind': 'square', 'trial': 7, 'beta': 2352, 'w_image': 468, 'actual': 142, 'predicted': 142, 'beta_per_form': [297, 297, 298, 298, 298, 298, 296, 298]}
{'config': 'N9d4k4', 'h': 8, 'kind': 'square', 'trial': 8, 'beta': 2356, 'w_image': 468, 'actual': 146, 'predicted': 146, 'beta_per_form': [298, 298, 298, 298, 298, 298, 298, 298]}
{'config': 'N9d4k4', 'h': 8, 'kind': 'square', 'trial': 9, 'beta': 2348, 'w_image': 468, 'actual': 138, 'predicted': 138, 'beta_per_form': [298, 295, 294, 298, 298, 298, 298, 298]}
{'config': 'N9d4k4', 'h': 8, 'kind': 'square', 'trial': 10, 'beta': 2355, 'w_image': 468, 'actual': 145, 'predicted': 145, 'beta_per_form': [298, 298, 297, 298, 298, 298, 298, 298]}
{'config': 'N9d4k4', 'h': 8, 'kind': 'square', 'trial': 11, 'beta': 2356, 'w_image': 468, 'actual': 146, 'predicted': 146, 'beta_per_form': [298, 298, 298, 298, 298, 298, 298, 298]}
{'config': 'N9d4k4', 'h': 8, 'kind': 'generic', 'trial': 0, 'beta': 2596, 'w_image': 468, 'actual': 386, 'predicted': 386}
{'config': 'N9d4k4', 'h': 8, 'kind': 'generic', 'trial': 1, 'beta': 2596, 'w_image': 468, 'actual': 386, 'predicted': 386}
{'config': 'N9d4k4', 'h': 8, 'kind': 'generic', 'trial': 2, 'beta': 2596, 'w_image': 468, 'actual': 386, 'predicted': 386}
{'config': 'N9d4k4', 'h': 8, 'kind': 'generic', 'trial': 3, 'beta': 2596, 'w_image': 468, 'actual': 386, 'predicted': 386}
{'config': 'N9d4k4', 'h': 8, 'kind': 'generic', 'trial': 4, 'beta': 2596, 'w_image': 468, 'actual': 386, 'predicted': 386}
{'config': 'N9d4k4', 'h': 8, 'kind': 'generic', 'trial': 5, 'beta': 2596, 'w_image': 468, 'actual': 386, 'predicted': 386}
{'config': 'N9d4k4', 'h': 8, 'kind': 'generic', 'trial': 6, 'beta': 2596, 'w_image': 468, 'actual': 386, 'predicted': 386}
{'config': 'N9d4k4', 'h': 8, 'kind': 'generic', 'trial': 7, 'beta': 2596, 'w_image': 468, 'actual': 386, 'predicted': 386}
{'config': 'N9d4k4', 'h': 8, 'kind': 'generic', 'trial': 8, 'beta': 2596, 'w_image': 468, 'actual': 386, 'predicted': 386}
{'config': 'N9d4k4', 'h': 8, 'kind': 'generic', 'trial': 9, 'beta': 2596, 'w_image': 468, 'actual': 386, 'predicted': 386}
{'config': 'N9d4k4', 'h': 8, 'kind': 'generic', 'trial': 10, 'beta': 2596, 'w_image': 468, 'actual': 386, 'predicted': 386}
{'config': 'N9d4k4', 'h': 8, 'kind': 'generic', 'trial': 11, 'beta': 2596, 'w_image': 468, 'actual': 386, 'predicted': 386}
{'config': 'N9d4k4', 'h': 8, 'kind': 'randomW', 'trial': 0, 'beta': 2356, 'w_image': 468, 'actual': 146, 'predicted': 146}
{'config': 'N9d4k4', 'h': 8, 'kind': 'randomW', 'trial': 1, 'beta': 2356, 'w_image': 468, 'actual': 146, 'predicted': 146}
{'config': 'N9d4k4', 'h': 8, 'kind': 'randomW', 'trial': 2, 'beta': 2348, 'w_image': 468, 'actual': 138, 'predicted': 138}
{'config': 'N9d4k4', 'h': 8, 'kind': 'randomW', 'trial': 3, 'beta': 2355, 'w_image': 468, 'actual': 145, 'predicted': 145}
{'config': 'N9d4k4', 'h': 8, 'kind': 'randomW', 'trial': 4, 'beta': 2356, 'w_image': 468, 'actual': 146, 'predicted': 146}
{'config': 'N9d4k4', 'h': 8, 'kind': 'randomW', 'trial': 5, 'beta': 2351, 'w_image': 468, 'actual': 141, 'predicted': 141}
{'config': 'N9d4k4', 'h': 8, 'kind': 'randomW', 'trial': 6, 'beta': 2356, 'w_image': 468, 'actual': 146, 'predicted': 146}
{'config': 'N9d4k4', 'h': 8, 'kind': 'randomW', 'trial': 7, 'beta': 2355, 'w_image': 468, 'actual': 145, 'predicted': 145}
{'config': 'N9d4k4', 'h': 8, 'kind': 'randomW', 'trial': 8, 'beta': 2355, 'w_image': 468, 'actual': 145, 'predicted': 145}
{'config': 'N9d4k4', 'h': 8, 'kind': 'randomW', 'trial': 9, 'beta': 2350, 'w_image': 468, 'actual': 140, 'predicted': 140}
{'config': 'N9d4k4', 'h': 8, 'kind': 'randomW', 'trial': 10, 'beta': 2355, 'w_image': 468, 'actual': 145, 'predicted': 145}
{'config': 'N9d4k4', 'h': 8, 'kind': 'randomW', 'trial': 11, 'beta': 2356, 'w_image': 468, 'actual': 146, 'predicted': 146}
{'config': 'N9d4k4', 'h': 9, 'kind': 'square', 'trial': 0, 'beta': 2646, 'w_image': 468, 'actual': 436, 'predicted': 436, 'beta_per_form': [298, 298, 298, 298, 298, 298, 298, 298, 298]}
{'config': 'N9d4k4', 'h': 9, 'kind': 'square', 'trial': 1, 'beta': 2642, 'w_image': 468, 'actual': 432, 'predicted': 432, 'beta_per_form': [297, 298, 298, 296, 298, 298, 298, 297, 298]}
{'config': 'N9d4k4', 'h': 9, 'kind': 'square', 'trial': 2, 'beta': 2634, 'w_image': 468, 'actual': 424, 'predicted': 424, 'beta_per_form': [298, 298, 298, 298, 298, 298, 298, 298, 286]}
{'config': 'N9d4k4', 'h': 9, 'kind': 'square', 'trial': 3, 'beta': 2645, 'w_image': 468, 'actual': 435, 'predicted': 435, 'beta_per_form': [298, 298, 298, 298, 297, 298, 298, 298, 298]}
{'config': 'N9d4k4', 'h': 9, 'kind': 'square', 'trial': 4, 'beta': 2645, 'w_image': 468, 'actual': 435, 'predicted': 435, 'beta_per_form': [298, 298, 297, 298, 298, 298, 298, 298, 298]}
{'config': 'N9d4k4', 'h': 9, 'kind': 'square', 'trial': 5, 'beta': 2646, 'w_image': 468, 'actual': 436, 'predicted': 436, 'beta_per_form': [298, 298, 298, 298, 298, 298, 298, 298, 298]}
{'config': 'N9d4k4', 'h': 9, 'kind': 'square', 'trial': 6, 'beta': 2644, 'w_image': 468, 'actual': 434, 'predicted': 434, 'beta_per_form': [298, 298, 298, 298, 297, 298, 298, 297, 298]}
{'config': 'N9d4k4', 'h': 9, 'kind': 'square', 'trial': 7, 'beta': 2646, 'w_image': 468, 'actual': 436, 'predicted': 436, 'beta_per_form': [298, 298, 298, 298, 298, 298, 298, 298, 298]}
{'config': 'N9d4k4', 'h': 9, 'kind': 'square', 'trial': 8, 'beta': 2626, 'w_image': 468, 'actual': 416, 'predicted': 416, 'beta_per_form': [298, 298, 298, 297, 298, 298, 298, 279, 298]}
{'config': 'N9d4k4', 'h': 9, 'kind': 'square', 'trial': 9, 'beta': 2641, 'w_image': 468, 'actual': 431, 'predicted': 431, 'beta_per_form': [298, 298, 294, 298, 298, 298, 297, 298, 298]}
{'config': 'N9d4k4', 'h': 9, 'kind': 'square', 'trial': 10, 'beta': 2645, 'w_image': 468, 'actual': 435, 'predicted': 435, 'beta_per_form': [298, 298, 298, 298, 298, 298, 298, 297, 298]}
{'config': 'N9d4k4', 'h': 9, 'kind': 'square', 'trial': 11, 'beta': 2646, 'w_image': 468, 'actual': 436, 'predicted': 436, 'beta_per_form': [298, 298, 298, 298, 298, 298, 298, 298, 298]}
{'config': 'N9d4k4', 'h': 9, 'kind': 'randomW', 'trial': 0, 'beta': 2644, 'w_image': 468, 'actual': 434, 'predicted': 434}
{'config': 'N9d4k4', 'h': 9, 'kind': 'randomW', 'trial': 1, 'beta': 2646, 'w_image': 468, 'actual': 436, 'predicted': 436}
{'config': 'N9d4k4', 'h': 9, 'kind': 'randomW', 'trial': 2, 'beta': 2641, 'w_image': 468, 'actual': 431, 'predicted': 431}
{'config': 'N9d4k4', 'h': 9, 'kind': 'randomW', 'trial': 3, 'beta': 2646, 'w_image': 468, 'actual': 436, 'predicted': 436}
{'config': 'N9d4k4', 'h': 9, 'kind': 'randomW', 'trial': 4, 'beta': 2646, 'w_image': 468, 'actual': 436, 'predicted': 436}
{'config': 'N9d4k4', 'h': 9, 'kind': 'randomW', 'trial': 5, 'beta': 2637, 'w_image': 468, 'actual': 427, 'predicted': 427}
{'config': 'N9d4k4', 'h': 9, 'kind': 'randomW', 'trial': 6, 'beta': 2644, 'w_image': 468, 'actual': 434, 'predicted': 434}
{'config': 'N9d4k4', 'h': 9, 'kind': 'randomW', 'trial': 7, 'beta': 2642, 'w_image': 468, 'actual': 432, 'predicted': 432}
{'config': 'N9d4k4', 'h': 9, 'kind': 'randomW', 'trial': 8, 'beta': 2641, 'w_image': 468, 'actual': 431, 'predicted': 431}
{'config': 'N9d4k4', 'h': 9, 'kind': 'randomW', 'trial': 9, 'beta': 2646, 'w_image': 468, 'actual': 436, 'predicted': 436}
{'config': 'N9d4k4', 'h': 9, 'kind': 'randomW', 'trial': 10, 'beta': 2639, 'w_image': 468, 'actual': 429, 'predicted': 429}
{'config': 'N9d4k4', 'h': 9, 'kind': 'randomW', 'trial': 11, 'beta': 2646, 'w_image': 468, 'actual': 436, 'predicted': 436}
