intersection dim 27 reported 27
forms (per cell):
[[1 0 1 1 1 1 1 0 2 1 0 0 0 0 2 1 1 2 0 1 2 0 0 2 1 0 1]
 [2 0 1 1 0 0 2 2 0 2 0 2 0 1 0 1 2 2 0 2 1 2 1 1 2 1 0]
 [0 2 1 0 1 2 0 0 2 1 0 0 1 1 0 0 0 0 0 0 0 0 1 0 2 0 2]
 [0 0 1 1 1 0 1 0 0 1 0 2 0 0 1 1 1 0 0 1 1 2 2 0 0 1 1]]
zero cells per form: [[1, 7, 10, 11, 12, 13, 18, 21, 22, 25], [1, 4, 5, 8, 10, 12, 14, 18, 26], [0, 3, 6, 7, 10, 11, 14, 15, 16, 17, 18, 19, 20, 21, 23, 25], [0, 1, 5, 7, 8, 10, 12, 13, 17, 18, 23, 24]]
good monomials involved 70
[(1, [(0, 0), (2, 7), (3, 4), (7, 6)]), (2, [(0, 0), (2, 6), (6, 7), (8, 2)]), (1, [(0, 0), (3, 2), (4, 6), (5, 4)]), (1, [(0, 0), (3, 4), (4, 6), (5, 2)]), (2, [(0, 0), (3, 4), (4, 5), (7, 6)]), (1, [(0, 0), (4, 6), (6, 2), (8, 5)])] ... size 43
[(1, [(0, 0), (2, 7), (6, 4), (7, 6)]), (1, [(0, 0), (2, 6), (6, 7), (8, 2)]), (1, [(0, 0), (3, 4), (4, 6), (5, 2)]), (2, [(0, 0), (4, 6), (6, 2), (8, 5)]), (1, [(0, 0), (6, 7), (7, 6), (8, 5)]), (1, [(0, 6), (1, 1), (4, 5), (8, 2)])] ... size 44
[(1, [(0, 0), (2, 6), (6, 7), (8, 2)]), (1, [(0, 0), (3, 2), (4, 6), (5, 4)]), (1, [(0, 0), (3, 2), (4, 6), (8, 5)]), (2, [(0, 0), (3, 4), (4, 5), (7, 6)]), (1, [(0, 0), (6, 7), (7, 6), (8, 5)]), (2, [(0, 6), (1, 1), (4, 5), (8, 2)])] ... size 47
[(1, [(0, 0), (3, 2), (4, 6), (5, 4)]), (1, [(0, 0), (3, 4), (4, 5), (7, 6)]), (1, [(0, 0), (4, 5), (6, 4), (7, 6)]), (2, [(0, 6), (1, 1), (2, 7), (8, 2)]), (2, [(0, 6), (1, 2), (2, 7), (6, 4)]), (1, [(0, 6), (1, 2), (3, 4), (4, 5)])] ... size 50
[(1, [(0, 0), (3, 2), (4, 6), (8, 5)])] ... size 1
[(1, [(0, 0), (3, 4), (4, 6), (5, 2)]), (2, [(0, 0), (4, 6), (6, 2), (8, 5)]), (2, [(0, 0), (4, 5), (6, 4), (7, 6)]), (1, [(0, 0), (5, 4), (6, 7), (7, 6)]), (2, [(0, 6), (1, 1), (2, 7), (8, 2)]), (1, [(0, 6), (1, 1), (4, 5), (8, 2)])] ... size 40
cell frequency in involved monomials: [(1, 27), (12, 22), (19, 16), (11, 14), (20, 14), (21, 13), (2, 13), (0, 12), (14, 12), (6, 10), (9, 10), (13, 10)]
form values on the most frequent cells: [(1, [np.int64(0), np.int64(0), np.int64(2), np.int64(0)]), (12, [np.int64(0), np.int64(0), np.int64(1), np.int64(0)]), (19, [np.int64(1), np.int64(2), np.int64(0), np.int64(1)]), (11, [np.int64(0), np.int64(2), np.int64(0), np.int64(2)]), (20, [np.int64(2), np.int64(1), np.int64(0), np.int64(1)]), (21, [np.int64(0), np.int64(2), np.int64(0), np.int64(2)]), (2, [np.int64(1), np.int64(1), np.int64(1), np.int64(1)]), (0, [np.int64(1), np.int64(2), np.int64(0), np.int64(0)])]
