2x2: W by p = 1..2: [6, 6]; minimizing p [1, 2]
    p=1 window [-1,2]: least pairs [((0, 0), (2, 0))]
    p=2 window [-2,1]: least pairs [((2, 0), (0, 0))]
2x3: W by p = 1..3: [19, 15, 17]; minimizing p [2]
    p=2 window [-2,3]: least pairs [((2, 0), (2, 0, 0))]
2x4: W by p = 1..4: [44, 34, 32, 36]; minimizing p [3]
    p=3 window [-3,4]: least pairs [((6, 0), (2, 0, 0, 0))]
2x5: W by p = 1..5: [85, 67, 59, 59, 65]; minimizing p [3, 4]
    p=3 window [-3,6]: least pairs [((6, 0), (4, 2, 0, 0, 0))]
    p=4 window [-4,5]: least pairs [((12, 0), (2, 0, 0, 0, 0))]
2x6: W by p = 1..6: [146, 118, 102, 96, 98, 106]; minimizing p [4]
    p=4 window [-4,7]: least pairs [((12, 0), (4, 2, 0, 0, 0, 0))]
2x7: W by p = 1..7: [231, 191, 165, 151, 147, 151, 161]; minimizing p [5]
    p=5 window [-5,8]: least pairs [((20, 0), (4, 2, 0, 0, 0, 0, 0))]
3x3: W by p = 2..6: [48, 39, 38, 39, 48]; minimizing p [4]
    p=4 window [-4,4]: least pairs [((6, 0, 0), (4, 2, 0)), ((5, 1, 0), (5, 1, 0)), ((4, 2, 0), (6, 0, 0))]
3x4: W by p = 2..8: [106, 87, 78, 72, 74, 80, 94]; minimizing p [5]
    p=5 window [-5,6]: least pairs [((9, 2, 0), (9, 2, 0, 0))]
3x5: W by p = 2..10: [200, 168, 148, 132, 126, 125, 130, 141, 160]; minimizing p [7]
    p=7 window [-7,7]: least pairs [((22, 4, 0), (7, 4, 0, 0, 0)), ((21, 5, 0), (8, 3, 0, 0, 0)), ((20, 6, 0), (9, 2, 0, 0, 0))]
3x6: W by p = 2..12: [339, 291, 257, 228, 211, 200, 197, 199, 209, 225, 249]; minimizing p [8]
    p=8 window [-8,9]: least pairs [((30, 6, 0), (12, 4, 2, 0, 0, 0)), ((29, 7, 0), (12, 5, 1, 0, 0, 0)), ((28, 8, 0), (12, 6, 0, 0, 0, 0))]
4x4: W by p = 3..12: [200, 172, 154, 141, 138, 138, 141, 154, 172, 200]; minimizing p [7, 8]
    p=7 window [-7,8]: least pairs [((16, 2, 0, 0), (16, 8, 2, 0)), ((15, 3, 0, 0), (17, 7, 2, 0)), ((15, 2, 1, 0), (17, 8, 1, 0)), ((14, 4, 0, 0), (18, 6, 2, 0)), ((14, 3, 1, 0), (18, 7, 1, 0)), ((14, 2, 2, 0), (18, 8, 0, 0)), ((13, 5, 0, 0), (19, 5, 2, 0)), ((13, 4, 1, 0), (19, 6, 1, 0)), ((13, 3, 2, 0), (19, 7, 0, 0)), ((12, 6, 0, 0), (20, 4, 2, 0)), ((12, 5, 1, 0), (20, 5, 1, 0)), ((12, 4, 2, 0), (20, 6, 0, 0))]
    p=8 window [-8,7]: least pairs [((20, 6, 0, 0), (12, 4, 2, 0)), ((20, 5, 1, 0), (12, 5, 1, 0)), ((20, 4, 2, 0), (12, 6, 0, 0)), ((19, 7, 0, 0), (13, 3, 2, 0)), ((19, 6, 1, 0), (13, 4, 1, 0)), ((19, 5, 2, 0), (13, 5, 0, 0)), ((18, 8, 0, 0), (14, 2, 2, 0)), ((18, 7, 1, 0), (14, 3, 1, 0)), ((18, 6, 2, 0), (14, 4, 0, 0)), ((17, 8, 1, 0), (15, 2, 1, 0)), ((17, 7, 2, 0), (15, 3, 0, 0)), ((16, 8, 2, 0), (16, 2, 0, 0))]
4x5: W by p = 3..15: [370, 324, 290, 262, 246, 234, 226, 228, 234, 246, 266, 293, 330]; minimizing p [9]
    p=9 window [-9,10]: least pairs [((25, 8, 2, 0), (23, 10, 2, 0, 0)), ((24, 9, 2, 0), (24, 9, 2, 0, 0)), ((24, 8, 3, 0), (24, 10, 1, 0, 0))]
