[0;31m  ***   Warning: new maximum stack size = 2000003072 (1907.352 Mbytes).[0m
N=7: clean types 1 of 3, rank 1 of 2; non-clean members m of (1,1,m,N-2-m): [2]
N=8: clean types 3 of 5, rank 3 of 3; non-clean members m of (1,1,m,N-2-m): [3]
N=9: clean types 4 of 6, rank 3 of 3; non-clean members m of (1,1,m,N-2-m): []
N=10: clean types 7 of 9, rank 4 of 4; non-clean members m of (1,1,m,N-2-m): [4]
N=11: clean types 9 of 11, rank 4 of 4; non-clean members m of (1,1,m,N-2-m): []
N=12: clean types 12 of 15, rank 5 of 5; non-clean members m of (1,1,m,N-2-m): [5]
N=13: clean types 16 of 18, rank 5 of 5; non-clean members m of (1,1,m,N-2-m): []
N=14: clean types 20 of 23, rank 6 of 6; non-clean members m of (1,1,m,N-2-m): [6]
N=15: clean types 25 of 27, rank 6 of 6; non-clean members m of (1,1,m,N-2-m): []
N=16: clean types 30 of 34, rank 7 of 7; non-clean members m of (1,1,m,N-2-m): [7]
clean types fail to span for 7 <= N <= 60 at: [7]
[0;31m  *** matrank: Warning: increasing stack size to 16000000.[0m
explicit clean family ((1,1,m,N-2-m), m < (N-2)/2; plus (1,2,3,N-6) for even N) fails for 8 <= N <= 400 at: [12, 14, 16, 18, 20, 22, 24, 26, 28, 30, 32, 34, 36, 38, 40, 42, 44, 46, 48, 50, 52, 54, 56, 58, 60, 62, 64, 66, 68, 70, 72, 74, 76, 78, 80, 82, 84, 86, 88, 90, 92, 94, 96, 98, 100, 102, 104, 106, 108, 110, 112, 114, 116, 118, 120, 122, 124, 126, 128, 130, 132, 134, 136, 138, 140, 142, 144, 146, 148, 150, 152, 154, 156, 158, 160, 162, 164, 166, 168, 170, 172, 174, 176, 178, 180, 182, 184, 186, 188, 190, 192, 194, 196, 198, 200, 202, 204, 206, 208, 210, 212, 214, 216, 218, 220, 222, 224, 226, 228, 230, 232, 234, 236, 238, 240, 242, 244, 246, 248, 250, 252, 254, 256, 258, 260, 262, 264, 266, 268, 270, 272, 274, 276, 278, 280, 282, 284, 286, 288, 290, 292, 294, 296, 298, 300, 302, 304, 306, 308, 310, 312, 314, 316, 318, 320, 322, 324, 326, 328, 330, 332, 334, 336, 338, 340, 342, 344, 346, 348, 350, 352, 354, 356, 358, 360, 362, 364, 366, 368, 370, 372, 374, 376, 378, 380, 382, 384, 386, 388, 390, 392, 394, 396, 398, 400]
  N=8: completing clean types [[1, 2, 2, 3]]
  N=10: completing clean types [[1, 2, 3, 4], [1, 3, 3, 3], [2, 2, 2, 4]]
  N=12: completing clean types [[1, 2, 4, 5], [1, 3, 3, 5], [1, 3, 4, 4], [2, 2, 3, 5], [2, 3, 3, 4]]
  N=14: completing clean types [[1, 2, 5, 6], [1, 3, 4, 6], [1, 3, 5, 5], [1, 4, 4, 5], [2, 2, 4, 6], [2, 3, 3, 6], [2, 3, 4, 5], [2, 4, 4, 4], [3, 3, 3, 5]]
  N=16: completing clean types [[1, 2, 6, 7], [1, 3, 5, 7], [1, 3, 6, 6], [1, 4, 4, 7], [1, 4, 5, 6], [1, 5, 5, 5], [2, 2, 5, 7], [2, 3, 4, 7], [2, 3, 5, 6], [2, 4, 4, 6], [2, 4, 5, 5], [3, 3, 3, 7], [3, 3, 4, 6], [3, 4, 4, 5]]
  N=18: completing clean types [[1, 2, 7, 8], [1, 3, 6, 8], [1, 3, 7, 7], [1, 4, 5, 8], [1, 4, 6, 7], [1, 5, 5, 7], [1, 5, 6, 6], [2, 2, 6, 8], [2, 3, 5, 8], [2, 3, 6, 7], [2, 4, 4, 8], [2, 4, 5, 7], [2, 4, 6, 6], [2, 5, 5, 6], [3, 3, 4, 8], [3, 3, 5, 7], [3, 4, 4, 7], [3, 4, 5, 6], [3, 5, 5, 5], [4, 4, 4, 6]]
  N=20: completing clean types [[1, 2, 8, 9], [1, 3, 7, 9], [1, 3, 8, 8], [1, 4, 6, 9], [1, 4, 7, 8], [1, 5, 5, 9], [1, 5, 6, 8], [1, 5, 7, 7], [1, 6, 6, 7], [2, 2, 7, 9], [2, 3, 6, 9], [2, 3, 7, 8], [2, 4, 5, 9], [2, 4, 6, 8], [2, 4, 7, 7], [2, 5, 5, 8], [2, 5, 6, 7], [2, 6, 6, 6], [3, 3, 5, 9], [3, 3, 6, 8], [3, 4, 4, 9], [3, 4, 5, 8], [3, 4, 6, 7], [3, 5, 5, 7], [3, 5, 6, 6], [4, 4, 4, 8], [4, 4, 5, 7], [4, 5, 5, 6]]
  N=22: completing clean types [[1, 2, 9, 10], [1, 3, 8, 10], [1, 3, 9, 9], [1, 4, 7, 10], [1, 4, 8, 9], [1, 5, 6, 10], [1, 5, 7, 9], [1, 5, 8, 8], [1, 6, 6, 9], [1, 6, 7, 8], [1, 7, 7, 7], [2, 2, 8, 10], [2, 3, 7, 10], [2, 3, 8, 9], [2, 4, 6, 10], [2, 4, 7, 9], [2, 4, 8, 8], [2, 5, 5, 10], [2, 5, 6, 9], [2, 5, 7, 8], [2, 6, 6, 8], [2, 6, 7, 7], [3, 3, 6, 10], [3, 3, 7, 9], [3, 4, 5, 10], [3, 4, 6, 9], [3, 4, 7, 8], [3, 5, 5, 9], [3, 5, 6, 8], [3, 5, 7, 7], [3, 6, 6, 7], [4, 4, 4, 10], [4, 4, 5, 9], [4, 4, 6, 8], [4, 5, 5, 8], [4, 5, 6, 7], [4, 6, 6, 6], [5, 5, 5, 7]]
  N=24: completing clean types [[1, 2, 10, 11], [1, 3, 9, 11], [1, 3, 10, 10], [1, 4, 8, 11], [1, 4, 9, 10], [1, 5, 7, 11], [1, 5, 8, 10], [1, 5, 9, 9], [1, 6, 6, 11], [1, 6, 7, 10], [1, 6, 8, 9], [1, 7, 7, 9], [1, 7, 8, 8], [2, 2, 9, 11], [2, 3, 8, 11], [2, 3, 9, 10], [2, 4, 7, 11], [2, 4, 8, 10], [2, 4, 9, 9], [2, 5, 6, 11], [2, 5, 7, 10], [2, 5, 8, 9], [2, 6, 6, 10], [2, 6, 7, 9], [2, 6, 8, 8], [2, 7, 7, 8], [3, 3, 7, 11], [3, 3, 8, 10], [3, 4, 6, 11], [3, 4, 7, 10], [3, 4, 8, 9], [3, 5, 5, 11], [3, 5, 6, 10], [3, 5, 7, 9], [3, 5, 8, 8], [3, 6, 6, 9], [3, 6, 7, 8], [3, 7, 7, 7], [4, 4, 5, 11], [4, 4, 6, 10], [4, 4, 7, 9], [4, 5, 5, 10], [4, 5, 6, 9], [4, 5, 7, 8], [4, 6, 6, 8], [4, 6, 7, 7], [5, 5, 5, 9], [5, 5, 6, 8], [5, 6, 6, 7]]
completion (2,2,(N-4)/2-1,(N-4)/2+1) fails for even 10 <= N <= 400 at: []
