m = 2 n'' = [1, 2, 2, 2, 1, 1, 1]: size 9, factors (deg, mult, excluded) [[1, 5, 1], [1, 6, 1], [1, 6, 1], [1, 5, 1], [1, 5, 1], [9, 1, 0]]
m = 2 n'' = [2, 2, 2, 2, 1, 1, 1]: size 9, factors (deg, mult, excluded) [[1, 5, 1], [1, 8, 1], [1, 8, 1], [1, 5, 1], [1, 5, 1], [12, 1, 0]]
m = 2 n'' = [1, 3, 2, 2, 1, 1, 1]: size 10, factors (deg, mult, excluded) [[1, 5, 1], [1, 7, 1], [1, 7, 1], [1, 5, 1], [1, 5, 1], [14, 1, 0]]
m = 2 n'' = [1, 2, 3, 2, 1, 1, 1]: size 10, factors (deg, mult, excluded) [[1, 5, 1], [1, 7, 1], [1, 7, 1], [1, 5, 1], [1, 5, 1], [14, 1, 0]]
m = 2 n'' = [1, 2, 2, 3, 1, 1, 1]: size 10, factors (deg, mult, excluded) [[1, 5, 1], [1, 7, 1], [1, 7, 1], [1, 5, 1], [1, 5, 1], [14, 1, 0]]
m = 2 n'' = [1, 2, 2, 2, 2, 1, 1]: size 10, factors (deg, mult, excluded) [[1, 5, 1], [1, 8, 1], [1, 8, 1], [1, 5, 1], [1, 5, 1], [14, 1, 0]]
m = 2 n'' = [1, 2, 2, 2, 1, 2, 1]: size 10, factors (deg, mult, excluded) [[1, 5, 1], [1, 6, 1], [1, 8, 1], [1, 5, 1], [1, 5, 1], [14, 1, 0]]
m = 2 n'' = [1, 2, 2, 2, 1, 1, 2]: size 10, factors (deg, mult, excluded) [[1, 5, 1], [1, 8, 1], [1, 6, 1], [1, 5, 1], [1, 5, 1], [14, 1, 0]]
m = 2 n'' = [3, 2, 2, 2, 1, 1, 1]: size 9, factors (deg, mult, excluded) [[1, 5, 1], [1, 10, 1], [1, 10, 1], [1, 5, 1], [1, 5, 1], [15, 1, 0]]
m = 2 n'' = [2, 3, 2, 2, 1, 1, 1]: size 10, factors (deg, mult, excluded) [[1, 5, 1], [1, 9, 1], [1, 10, 1], [1, 5, 1], [1, 5, 1], [17, 1, 0]]
m = 2 n'' = [2, 2, 3, 2, 1, 1, 1]: size 10, factors (deg, mult, excluded) [[1, 5, 1], [1, 10, 1], [1, 9, 1], [1, 5, 1], [1, 5, 1], [17, 1, 0]]
m = 2 n'' = [2, 2, 2, 3, 1, 1, 1]: size 10, factors (deg, mult, excluded) [[1, 5, 1], [1, 9, 1], [1, 9, 1], [1, 5, 1], [1, 5, 1], [17, 1, 0]]
m = 2 n'' = [2, 2, 2, 2, 2, 1, 1]: size 10, factors (deg, mult, excluded) [[1, 5, 1], [1, 10, 1], [1, 10, 1], [1, 5, 1], [1, 5, 1], [18, 1, 0]]
m = 2 n'' = [2, 2, 2, 2, 1, 2, 1]: size 10, factors (deg, mult, excluded) [[1, 5, 1], [1, 8, 1], [1, 10, 1], [1, 5, 1], [1, 5, 1], [18, 1, 0]]
m = 2 n'' = [2, 2, 2, 2, 1, 1, 2]: size 10, factors (deg, mult, excluded) [[1, 5, 1], [1, 10, 1], [1, 8, 1], [1, 5, 1], [1, 5, 1], [18, 1, 0]]
m = 2 n'' = [1, 4, 2, 2, 1, 1, 1]: size 11, factors (deg, mult, excluded) [[1, 5, 1], [1, 8, 1], [1, 8, 1], [1, 5, 1], [1, 5, 1], [19, 1, 0]]
m = 2 n'' = [1, 3, 3, 2, 1, 1, 1]: size 11, factors (deg, mult, excluded) [[1, 5, 1], [1, 8, 1], [1, 8, 1], [1, 5, 1], [1, 10, 1], [15, 1, 0]]
m = 2 n'' = [1, 3, 2, 3, 1, 1, 1]: size 11, factors (deg, mult, excluded) [[1, 5, 1], [1, 8, 1], [1, 8, 1], [1, 10, 1], [1, 5, 1], [15, 1, 0]]
m = 2 n'' = [1, 3, 2, 2, 2, 1, 1]: size 11, factors (deg, mult, excluded) [[1, 5, 1], [1, 10, 1], [1, 9, 1], [1, 5, 1], [1, 5, 1], [19, 1, 0]]
m = 2 n'' = [1, 3, 2, 2, 1, 2, 1]: size 11, factors (deg, mult, excluded) [[1, 5, 1], [1, 7, 1], [1, 9, 1], [1, 5, 1], [1, 5, 1], [19, 1, 0]]
m = 2 n'' = [1, 3, 2, 2, 1, 1, 2]: size 11, factors (deg, mult, excluded) [[1, 5, 1], [1, 9, 1], [1, 7, 1], [1, 5, 1], [1, 5, 1], [20, 1, 0]]
m = 2 n'' = [1, 2, 4, 2, 1, 1, 1]: size 11, factors (deg, mult, excluded) [[1, 5, 1], [1, 8, 1], [1, 8, 1], [1, 5, 1], [1, 5, 1], [19, 1, 0]]
m = 2 n'' = [1, 2, 3, 3, 1, 1, 1]: size 11, factors (deg, mult, excluded) [[1, 10, 1], [1, 8, 1], [1, 8, 1], [1, 5, 1], [1, 5, 1], [15, 1, 0]]
m = 2 n'' = [1, 2, 3, 2, 2, 1, 1]: size 11, factors (deg, mult, excluded) [[1, 5, 1], [1, 9, 1], [1, 10, 1], [1, 5, 1], [1, 5, 1], [19, 1, 0]]
m = 2 n'' = [1, 2, 3, 2, 1, 2, 1]: size 11, factors (deg, mult, excluded) [[1, 5, 1], [1, 7, 1], [1, 9, 1], [1, 5, 1], [1, 5, 1], [20, 1, 0]]
m = 2 n'' = [1, 2, 3, 2, 1, 1, 2]: size 11, factors (deg, mult, excluded) [[1, 5, 1], [1, 9, 1], [1, 7, 1], [1, 5, 1], [1, 5, 1], [19, 1, 0]]
m = 2 n'' = [1, 2, 2, 4, 1, 1, 1]: size 11, factors (deg, mult, excluded) [[1, 5, 1], [1, 8, 1], [1, 8, 1], [1, 5, 1], [1, 5, 1], [19, 1, 0]]
m = 2 n'' = [1, 2, 2, 3, 2, 1, 1]: size 11, factors (deg, mult, excluded) [[1, 5, 1], [1, 9, 1], [1, 9, 1], [1, 5, 1], [1, 5, 1], [20, 1, 0]]
m = 2 n'' = [1, 2, 2, 3, 1, 2, 1]: size 11, factors (deg, mult, excluded) [[1, 5, 1], [1, 7, 1], [1, 10, 1], [1, 5, 1], [1, 5, 1], [19, 1, 0]]
m = 2 n'' = [1, 2, 2, 3, 1, 1, 2]: size 11, factors (deg, mult, excluded) [[1, 5, 1], [1, 10, 1], [1, 7, 1], [1, 5, 1], [1, 5, 1], [19, 1, 0]]
m = 2 n'' = [1, 2, 2, 2, 3, 1, 1]: size 11, factors (deg, mult, excluded) [[1, 5, 1], [1, 10, 1], [1, 10, 1], [1, 5, 1], [1, 5, 1], [19, 1, 0]]
m = 2 n'' = [1, 2, 2, 2, 2, 2, 1]: size 11, factors (deg, mult, excluded) [[1, 8, 1], [1, 8, 1], [1, 10, 1], [1, 5, 1], [1, 5, 1], [17, 1, 0]]
m = 2 n'' = [1, 2, 2, 2, 2, 1, 2]: size 11, factors (deg, mult, excluded) [[1, 5, 1], [1, 10, 1], [1, 8, 1], [1, 8, 1], [1, 5, 1], [17, 1, 0]]
m = 2 n'' = [1, 2, 2, 2, 1, 3, 1]: size 11, factors (deg, mult, excluded) [[1, 5, 1], [1, 6, 1], [1, 10, 1], [1, 5, 1], [1, 5, 1], [19, 1, 0]]
m = 2 n'' = [1, 2, 2, 2, 1, 2, 2]: size 11, factors (deg, mult, excluded) [[1, 5, 1], [1, 8, 1], [1, 8, 1], [1, 8, 1], [1, 5, 1], [17, 1, 0]]
m = 2 n'' = [1, 2, 2, 2, 1, 1, 3]: size 11, factors (deg, mult, excluded) [[1, 5, 1], [1, 10, 1], [1, 6, 1], [1, 5, 1], [1, 5, 1], [19, 1, 0]]
m = 3 n'' = [3, 3, 3, 3, 1, 1, 1]: size 12, factors (deg, mult, excluded) [[1, 10, 1], [1, 15, 1], [1, 15, 1], [1, 10, 1], [1, 10, 1], [18, 1, 0]]
m = 3 n'' = [4, 3, 3, 3, 1, 1, 1]: size 12, factors (deg, mult, excluded) [[1, 10, 1], [1, 18, 1], [1, 18, 1], [1, 10, 1], [1, 10, 1], [21, 1, 0]]
m = 3 n'' = [3, 4, 3, 3, 1, 1, 1]: size 13, factors (deg, mult, excluded) [[1, 10, 1], [1, 16, 1], [1, 18, 1], [1, 10, 1], [1, 10, 1], [25, 1, 0]]
m = 3 n'' = [3, 3, 4, 3, 1, 1, 1]: size 13, factors (deg, mult, excluded) [[1, 10, 1], [1, 18, 1], [1, 16, 1], [1, 10, 1], [1, 10, 1], [25, 1, 0]]
m = 3 n'' = [3, 3, 3, 4, 1, 1, 1]: size 13, factors (deg, mult, excluded) [[1, 10, 1], [1, 16, 1], [1, 16, 1], [1, 10, 1], [1, 10, 1], [25, 1, 0]]
m = 3 n'' = [3, 3, 3, 3, 2, 1, 1]: size 13, factors (deg, mult, excluded) [[1, 10, 1], [1, 18, 1], [1, 18, 1], [1, 10, 1], [1, 10, 1], [26, 1, 0]]
m = 3 n'' = [3, 3, 3, 3, 1, 2, 1]: size 13, factors (deg, mult, excluded) [[1, 10, 1], [1, 15, 1], [1, 18, 1], [1, 10, 1], [1, 10, 1], [26, 1, 0]]
m = 3 n'' = [3, 3, 3, 3, 1, 1, 2]: size 13, factors (deg, mult, excluded) [[1, 10, 1], [1, 18, 1], [1, 15, 1], [1, 10, 1], [1, 10, 1], [26, 1, 0]]
m = 3 n'' = [5, 3, 3, 3, 1, 1, 1]: size 12, factors (deg, mult, excluded) [[1, 10, 1], [1, 21, 1], [1, 21, 1], [1, 10, 1], [1, 10, 1], [24, 1, 0]]
Run note (9 October 2026): the run was stopped by compute.sh at its 900-second limit during m = 3; the 27 neighbours of m = 3 with |e| = 2 other than 2 e0 were not computed.
