S_0 size 40320 density 2.403e-03
    [7, 7, 7, 7, 7, 7, 7, 7] 1.0000
    [1, 1, 1, 1, 1, 1, 1, 1] 1.0000
    [6, 6, 6, 6, 6, 6, 6, 6] 1.0000
    [5, 5, 5, 5, 5, 5, 5, 5] 1.0000
    [2, 2, 2, 2, 2, 2, 2, 2] 1.0000
    [4, 4, 4, 4, 4, 4, 4, 4] 1.0000
    [3, 3, 3, 3, 3, 3, 3, 3] 1.0000
    [1, 0, 0, 0, 0, 0, 0, 1] -0.1429
   codim 1 boost 2.0000 [[7, 7, 7, 7, 7, 7, 7, 7]]
   codim 2 boost 4.0000 [[7, 7, 7, 7, 7, 7, 7, 7], [1, 1, 1, 1, 1, 1, 1, 1]]
   codim 3 boost 8.0000 [[7, 7, 7, 7, 7, 7, 7, 7], [1, 1, 1, 1, 1, 1, 1, 1], [5, 5, 5, 5, 5, 5, 5, 5]]
   codim 4 boost 9.1429 [[7, 7, 7, 7, 7, 7, 7, 7], [1, 1, 1, 1, 1, 1, 1, 1], [5, 5, 5, 5, 5, 5, 5, 5], [1, 0, 0, 0, 0, 0, 0, 1]]
S_1 size 1128960 density 6.729e-02
    [7, 7, 7, 7, 7, 7, 7, 7] -0.1429
    [5, 5, 5, 5, 5, 5, 5, 5] -0.1429
    [2, 2, 2, 2, 2, 2, 2, 2] -0.1429
    [1, 1, 1, 1, 1, 1, 1, 1] -0.1429
    [3, 3, 3, 3, 3, 3, 3, 3] -0.1429
    [4, 4, 4, 4, 4, 4, 4, 4] -0.1429
    [6, 6, 6, 6, 6, 6, 6, 6] -0.1429
    [0, 0, 3, 0, 0, 0, 3, 0] -0.1020
   codim 1 boost 1.1429 [[7, 7, 7, 7, 7, 7, 7, 7]]
   codim 2 boost 1.2653 [[7, 7, 7, 7, 7, 7, 7, 7], [0, 0, 3, 0, 0, 0, 3, 0]]
   codim 3 boost 1.4367 [[7, 7, 7, 7, 7, 7, 7, 7], [0, 2, 0, 2, 0, 0, 0, 0], [0, 0, 0, 0, 0, 2, 0, 2]]
   codim 4 boost 1.6245 [[3, 3, 3, 3, 3, 3, 3, 3], [0, 0, 0, 0, 0, 2, 0, 2], [0, 0, 0, 0, 6, 0, 0, 6], [0, 0, 0, 0, 0, 0, 7, 7]]
S_2 size 5362560 density 3.196e-01
    [0, 0, 1, 0, 0, 0, 0, 1] -0.0526
    [0, 0, 0, 6, 0, 6, 0, 0] -0.0526
    [0, 0, 0, 0, 7, 7, 0, 0] -0.0526
    [0, 0, 6, 0, 6, 0, 0, 0] -0.0526
    [0, 0, 7, 7, 0, 0, 0, 0] -0.0526
    [1, 0, 0, 1, 0, 0, 0, 0] -0.0526
    [0, 1, 0, 1, 0, 0, 0, 0] -0.0526
    [0, 0, 3, 0, 3, 0, 0, 0] -0.0526
   codim 1 boost 1.0526 [[0, 0, 1, 0, 0, 0, 0, 1]]
   codim 2 boost 1.1135 [[0, 0, 1, 0, 0, 0, 0, 1], [0, 0, 6, 0, 6, 0, 0, 0]]
   codim 3 boost 1.1832 [[0, 0, 1, 0, 0, 0, 0, 1], [0, 0, 6, 0, 6, 0, 0, 0], [0, 0, 2, 0, 0, 0, 2, 0]]
   codim 4 boost 1.2531 [[0, 0, 1, 0, 0, 0, 0, 1], [0, 0, 6, 0, 6, 0, 0, 0], [0, 0, 7, 7, 0, 0, 0, 0], [0, 0, 2, 0, 0, 0, 2, 0]]
