S_0 size 24 density 9.375e-02
    [1, 1, 1, 1] 1.0000
    [3, 3, 3, 3] 1.0000
    [2, 2, 2, 2] 1.0000
    [3, 2, 1, 0] 0.3333
    [2, 3, 1, 0] 0.3333
    [3, 3, 0, 0] -0.3333
    [1, 1, 0, 0] -0.3333
    [3, 0, 3, 0] -0.3333
   codim 1 boost 2.0000 [[1, 1, 1, 1]]
   codim 2 boost 4.0000 [[1, 1, 1, 1], [3, 3, 3, 3]]
   codim 3 boost 5.3333 [[1, 1, 1, 1], [3, 3, 3, 3], [3, 2, 1, 0]]
   codim 4 boost 8.0000 [[1, 1, 1, 1], [3, 3, 3, 3], [3, 2, 1, 0], [3, 3, 0, 0]]
S_1 size 144 density 5.625e-01
    [1, 1, 1, 1] -0.3333
    [3, 3, 3, 3] -0.3333
    [2, 2, 2, 2] -0.3333
    [0, 1, 1, 0] -0.1111
    [1, 0, 1, 0] -0.1111
    [3, 3, 0, 0] -0.1111
    [1, 1, 0, 0] -0.1111
    [3, 0, 3, 0] -0.1111
   codim 1 boost 1.3333 [[1, 1, 1, 1]]
   codim 2 boost 1.5556 [[1, 1, 1, 1], [3, 3, 0, 0]]
   codim 3 boost 1.7778 [[1, 1, 1, 1], [3, 3, 3, 3], [0, 1, 1, 0]]
   codim 4 boost 1.7778 [[1, 1, 1, 1], [3, 3, 3, 3], [0, 1, 1, 0], [1, 0, 1, 0]]
S_2 size 84 density 3.281e-01
    [1, 1, 0, 0] 0.2381
    [3, 3, 0, 0] 0.2381
    [2, 2, 0, 0] 0.2381
    [0, 1, 1, 0] 0.2381
    [1, 0, 1, 0] 0.2381
    [0, 2, 2, 0] 0.2381
    [2, 0, 2, 0] 0.2381
    [3, 0, 3, 0] 0.2381
   codim 1 boost 1.2381 [[1, 1, 0, 0]]
   codim 2 boost 1.7143 [[1, 1, 0, 0], [3, 3, 0, 0]]
   codim 3 boost 2.6667 [[1, 1, 0, 0], [0, 1, 1, 0], [0, 1, 0, 1]]
   codim 4 boost 3.0476 [[1, 1, 0, 0], [3, 3, 0, 0], [0, 1, 1, 0], [0, 1, 0, 1]]
