2 1 0  2 2 
2 2 0  3 3 
2 2 1  4 4 
2 3 0  5 5 
2 3 1  5 5 
2 3 2  6 6 
2 4 0  6 6 
2 4 1  7 7 
2 4 2  7 7 
2 4 3  8 8 
2 5 0 k-l>2^n 8 8 
2 5 1  8 8 
2 5 2  9 9 
2 5 3  9 9 
2 5 4  10 10 
2 6 0 k-l>2^n 9 9 
2 6 1 k-l>2^n 10 10 
2 6 2  10 10 
2 6 3  11 11 
2 6 4  11 11 
2 6 5  12 12 
2 7 0 k-l>2^n 11 11 
2 7 1 k-l>2^n 11 11 
2 7 2 k-l>2^n 12 12 
2 7 3  12 12 
2 7 4  13 13 
2 7 5  13 13 
2 7 6  14 14 
2 8 0 k-l>2^n 12 12 
2 8 1 k-l>2^n 13 13 
2 8 2 k-l>2^n 13 13 
2 8 3 k-l>2^n 14 14 
2 8 4  14 14 
2 8 5  15 15 
2 8 6  15 15 
2 8 7  16 16 
2 9 0 k-l>2^n 14 14 
2 9 1 k-l>2^n 14 14 
2 9 2 k-l>2^n 15 15 
2 9 3 k-l>2^n 15 15 
2 9 4 k-l>2^n 16 16 
2 9 5  16 16 
2 9 6  17 17 
2 9 7  17 17 
2 9 8  18 18 
tested 45 mismatches 0
Expected 30 s, took 1 s.
Exit 0; log: research/logs/bmd-r6-subspace-reduction-611c43369f.output.txt
