l=2 w=1: (c, E, E', 2E) [(1, 0, 0, 0), (2, 1, 2, 2)]; E' = 2E for c in [1, 2]
l=2 w=2: (c, E, E', 2E) [(2, 0, 0, 0), (3, 1, 2, 2), (4, 4, 6, 8)]; E' = 2E for c in [2, 3]
l=2 w=3: (c, E, E', 2E) [(3, 0, 0, 0), (4, 1, 2, 2), (5, 4, 6, 8), (6, 9, 12, 18)]; E' = 2E for c in [3, 4]
l=2 w=4: (c, E, E', 2E) [(4, 0, 0, 0), (5, 1, 2, 2), (6, 4, 6, 8), (7, 9, 12, 18), (8, 16, 20, 32)]; E' = 2E for c in [4, 5]
l=2 w=5: (c, E, E', 2E) [(5, 0, 0, 0), (6, 1, 2, 2), (7, 4, 6, 8), (8, 9, 12, 18), (9, 16, 20, 32), (10, 25, 30, 50)]; E' = 2E for c in [5, 6]
l=2 w=6: (c, E, E', 2E) [(6, 0, 0, 0), (7, 1, 2, 2), (8, 4, 6, 8), (9, 9, 12, 18), (10, 16, 20, 32), (11, 25, 30, 50), (12, 36, 42, 72)]; E' = 2E for c in [6, 7]
l=3 w=1: (c, E, E', 2E) [(1, 0, 0, 0), (2, 1, 2, 2), (3, 3, 6, 6)]; E' = 2E for c in [1, 2, 3]
l=3 w=2: (c, E, E', 2E) [(2, 0, 0, 0), (3, 1, 2, 2), (4, 3, 6, 6), (5, 7, 11, 14), (6, 12, 18, 24)]; E' = 2E for c in [2, 3, 4]
l=3 w=3: (c, E, E', 2E) [(3, 0, 0, 0), (4, 1, 2, 2), (5, 3, 6, 6), (6, 7, 11, 14), (7, 12, 18, 24), (8, 19, 26, 38), (9, 27, 36, 54)]; E' = 2E for c in [3, 4, 5]
l=3 w=4: (c, E, E', 2E) [(4, 0, 0, 0), (5, 1, 2, 2), (6, 3, 6, 6), (7, 7, 11, 14), (8, 12, 18, 24), (9, 19, 26, 38), (10, 27, 36, 54), (11, 37, 47, 74), (12, 48, 60, 96)]; E' = 2E for c in [4, 5, 6]
l=3 w=5: (c, E, E', 2E) [(5, 0, 0, 0), (6, 1, 2, 2), (7, 3, 6, 6), (8, 7, 11, 14), (9, 12, 18, 24), (10, 19, 26, 38), (11, 27, 36, 54), (12, 37, 47, 74), (13, 48, 60, 96), (14, 61, 74, 122), (15, 75, 90, 150)]; E' = 2E for c in [5, 6, 7]
l=3 w=6: (c, E, E', 2E) [(6, 0, 0, 0), (7, 1, 2, 2), (8, 3, 6, 6), (9, 7, 11, 14), (10, 12, 18, 24), (11, 19, 26, 38), (12, 27, 36, 54), (13, 37, 47, 74), (14, 48, 60, 96), (15, 61, 74, 122), (16, 75, 90, 150), (17, 91, 107, 182), (18, 108, 126, 216)]; E' = 2E for c in [6, 7, 8]
l=4 w=1: (c, E, E', 2E) [(1, 0, 0, 0), (2, 1, 2, 2), (3, 3, 6, 6), (4, 6, 12, 12)]; E' = 2E for c in [1, 2, 3, 4]
l=4 w=2: (c, E, E', 2E) [(2, 0, 0, 0), (3, 1, 2, 2), (4, 3, 6, 6), (5, 6, 11, 12), (6, 11, 18, 22), (7, 17, 26, 34), (8, 24, 36, 48)]; E' = 2E for c in [2, 3, 4]
l=4 w=3: (c, E, E', 2E) [(3, 0, 0, 0), (4, 1, 2, 2), (5, 3, 6, 6), (6, 6, 11, 12), (7, 11, 18, 22), (8, 17, 26, 34), (9, 24, 35, 48), (10, 33, 46, 66), (11, 43, 58, 86), (12, 54, 72, 108)]; E' = 2E for c in [3, 4, 5]
l=4 w=4: (c, E, E', 2E) [(4, 0, 0, 0), (5, 1, 2, 2), (6, 3, 6, 6), (7, 6, 11, 12), (8, 11, 18, 22), (9, 17, 26, 34), (10, 24, 35, 48), (11, 33, 46, 66), (12, 43, 58, 86), (13, 54, 71, 108), (14, 67, 86, 134), (15, 81, 102, 162), (16, 96, 120, 192)]; E' = 2E for c in [4, 5, 6]
l=4 w=5: (c, E, E', 2E) [(5, 0, 0, 0), (6, 1, 2, 2), (7, 3, 6, 6), (8, 6, 11, 12), (9, 11, 18, 22), (10, 17, 26, 34), (11, 24, 35, 48), (12, 33, 46, 66), (13, 43, 58, 86), (14, 54, 71, 108), (15, 67, 86, 134), (16, 81, 102, 162), (17, 96, 119, 192), (18, 113, 138, 226), (19, 131, 158, 262), (20, 150, 180, 300)]; E' = 2E for c in [5, 6, 7]
l=4 w=6: (c, E, E', 2E) [(6, 0, 0, 0), (7, 1, 2, 2), (8, 3, 6, 6), (9, 6, 11, 12), (10, 11, 18, 22), (11, 17, 26, 34), (12, 24, 35, 48), (13, 33, 46, 66), (14, 43, 58, 86), (15, 54, 71, 108), (16, 67, 86, 134), (17, 81, 102, 162), (18, 96, 119, 192), (19, 113, 138, 226), (20, 131, 158, 262), (21, 150, 179, 300), (22, 171, 202, 342), (23, 193, 226, 386), (24, 216, 252, 432)]; E' = 2E for c in [6, 7, 8]
l=5 w=1: (c, E, E', 2E) [(1, 0, 0, 0), (2, 1, 2, 2), (3, 3, 6, 6), (4, 6, 12, 12), (5, 10, 20, 20)]; E' = 2E for c in [1, 2, 3, 4, 5]
l=5 w=2: (c, E, E', 2E) [(2, 0, 0, 0), (3, 1, 2, 2), (4, 3, 6, 6), (5, 6, 11, 12), (6, 10, 18, 20), (7, 16, 26, 32), (8, 23, 36, 46), (9, 31, 47, 62), (10, 40, 60, 80)]; E' = 2E for c in [2, 3, 4]
l=5 w=3: (c, E, E', 2E) [(3, 0, 0, 0), (4, 1, 2, 2), (5, 3, 6, 6), (6, 6, 11, 12), (7, 10, 18, 20), (8, 16, 26, 32), (9, 23, 35, 46), (10, 31, 46, 62), (11, 40, 58, 80), (12, 51, 71, 102), (13, 63, 86, 126), (14, 76, 102, 152), (15, 90, 120, 180)]; E' = 2E for c in [3, 4, 5]
l=5 w=4: (c, E, E', 2E) [(4, 0, 0, 0), (5, 1, 2, 2), (6, 3, 6, 6), (7, 6, 11, 12), (8, 10, 18, 20), (9, 16, 26, 32), (10, 23, 35, 46), (11, 31, 46, 62), (12, 40, 58, 80), (13, 51, 71, 102), (14, 63, 85, 126), (15, 76, 101, 152), (16, 90, 118, 180), (17, 106, 136, 212), (18, 123, 156, 246), (19, 141, 177, 282), (20, 160, 200, 320)]; E' = 2E for c in [4, 5, 6]
l=5 w=5: (c, E, E', 2E) [(5, 0, 0, 0), (6, 1, 2, 2), (7, 3, 6, 6), (8, 6, 11, 12), (9, 10, 18, 20), (10, 16, 26, 32), (11, 23, 35, 46), (12, 31, 46, 62), (13, 40, 58, 80), (14, 51, 71, 102), (15, 63, 85, 126), (16, 76, 101, 152), (17, 90, 118, 180), (18, 106, 136, 212), (19, 123, 155, 246), (20, 141, 176, 282), (21, 160, 198, 320), (22, 181, 221, 362), (23, 203, 246, 406), (24, 226, 272, 452), (25, 250, 300, 500)]; E' = 2E for c in [5, 6, 7]
l=5 w=6: (c, E, E', 2E) [(6, 0, 0, 0), (7, 1, 2, 2), (8, 3, 6, 6), (9, 6, 11, 12), (10, 10, 18, 20), (11, 16, 26, 32), (12, 23, 35, 46), (13, 31, 46, 62), (14, 40, 58, 80), (15, 51, 71, 102), (16, 63, 85, 126), (17, 76, 101, 152), (18, 90, 118, 180), (19, 106, 136, 212), (20, 123, 155, 246), (21, 141, 176, 282), (22, 160, 198, 320), (23, 181, 221, 362), (24, 203, 245, 406), (25, 226, 271, 452), (26, 250, 298, 500), (27, 276, 326, 552), (28, 303, 356, 606), (29, 331, 387, 662), (30, 360, 420, 720)]; E' = 2E for c in [6, 7, 8]
