m=3 N=6 | 202 011 202 120 120 011 | 202 122 122 012 012 122 | no shift makes the product vanish
m=3 N=6 | 111 111 100 100 111 100 | 012 012 000 000 012 012 | vanishes after shifts ((1, 1, 1), (0, 1, 2))
m=3 N=6 | 111 111 111 212 010 111 | 210 111 111 111 012 111 | vanishes after shifts ((1, 1, 1), (1, 1, 1))
m=3 N=6 | 010 010 010 010 000 020 | 220 220 220 111 220 002 | vanishes after shifts ((0, 1, 0), (2, 2, 0))
m=3 N=6 | 021 021 111 021 021 201 | 012 221 012 012 012 100 | vanishes after shifts ((0, 2, 1), (0, 1, 2))
m=3 N=6 | 020 020 020 201 020 112 | 120 120 120 010 200 120 | vanishes after shifts ((0, 2, 0), (1, 2, 0))
m=3 N=6 | 010 101 010 010 010 222 | 121 010 202 202 202 202 | vanishes after shifts ((0, 1, 0), (2, 0, 2))
m=3 N=6 | 011 112 112 112 112 210 | 220 011 011 102 011 011 | vanishes after shifts ((1, 1, 2), (0, 1, 1))
m=3 N=6 | 021 201 021 111 021 021 | 002 222 002 002 002 112 | vanishes after shifts ((0, 2, 1), (0, 0, 2))
m=3 N=6 | 110 011 110 110 212 110 | 200 201 202 202 202 202 | vanishes after shifts ((1, 1, 0), (2, 0, 2))
m=3 N=6 | 210 210 102 021 210 210 | 101 101 200 101 002 101 | vanishes after shifts ((2, 1, 0), (1, 0, 1))
m=3 N=6 | 211 211 011 111 211 211 | 202 000 101 202 202 202 | vanishes after shifts ((2, 1, 1), (2, 0, 2))
m=3 N=6 | 001 001 001 001 121 211 | 122 122 002 122 212 122 | vanishes after shifts ((0, 0, 1), (1, 2, 2))
m=3 N=6 | 012 012 012 201 120 012 | 020 020 020 221 122 020 | vanishes after shifts ((0, 1, 2), (0, 2, 0))
m=3 N=6 | 222 221 221 220 221 221 | 112 112 020 201 112 112 | vanishes after shifts ((2, 2, 1), (1, 1, 2))
m=3 N=8 | 101 101 101 101 101 221 101 011 | 221 201 201 201 201 201 201 211 | vanishes after shifts ((1, 0, 1), (2, 0, 1))
m=3 N=8 | 210 021 210 210 210 210 210 102 | 212 212 212 212 212 212 210 211 | vanishes after shifts ((2, 1, 0), (2, 1, 2))
m=3 N=8 | 002 100 201 201 201 201 201 201 | 221 211 221 221 221 201 221 221 | vanishes after shifts ((2, 0, 1), (2, 2, 1))
m=3 N=10 | 211 120 120 120 120 120 120 120 120 002 | 200 200 200 200 200 210 200 200 200 220 | vanishes after shifts ((1, 2, 0), (2, 0, 0))
m=3 N=10 | 022 200 200 200 200 200 200 200 111 200 | 220 112 112 001 112 112 112 112 112 112 | vanishes after shifts ((2, 0, 0), (1, 1, 2))
m=3 N=10 | 210 210 210 210 210 210 210 210 221 202 | 102 102 102 102 201 102 102 102 102 000 | vanishes after shifts ((2, 1, 0), (1, 0, 2))
m=3 N=10 | 111 111 111 110 111 111 111 111 111 112 | 211 211 211 211 100 211 211 211 211 022 | vanishes after shifts ((1, 1, 1), (2, 1, 1))
m=3 N=10 | 012 012 220 012 012 012 012 012 101 012 | 210 210 100 210 210 210 210 210 210 020 | vanishes after shifts ((0, 1, 2), (2, 1, 0))
m=3 N=10 | 001 001 001 001 201 101 001 001 001 001 | 002 002 210 002 002 121 002 002 002 002 | vanishes after shifts ((0, 0, 1), (0, 0, 2))
