STRUCTURAL_CONTROL n=3 vertices=4 edges=4 genus=1 H_degree=4
STRUCTURAL_CONTROL n=4 vertices=12 edges=16 genus=5 H_degree=8
TARGET n=5 d=3 subdivision=3 vertices=128 edges=144 genus=17 P=65 label=[2, 0, 1]
UNSUBDIVIDED_EDGES = [[1, 9, 1, 0], [1, 10, 1, 1], [2, 9, 1, 4], [2, 10, 1, 5], [3, 11, 1, 8], [3, 12, 1, 9], [4, 11, 1, 12], [4, 12, 1, 13], [5, 13, 1, 16], [5, 14, 1, 17], [6, 13, 1, 20], [6, 14, 1, 21], [7, 15, 1, 24], [7, 16, 1, 25], [8, 15, 1, 28], [8, 16, 1, 29], [9, 17, 2, 0], [10, 18, 2, 1], [10, 19, 2, 2], [9, 20, 2, 3], [11, 17, 2, 8], [12, 18, 2, 9], [12, 19, 2, 10], [11, 20, 2, 11], [13, 21, 2, 16], [14, 22, 2, 17], [14, 23, 2, 18], [13, 24, 2, 19], [15, 21, 2, 24], [16, 22, 2, 25], [16, 23, 2, 26], [15, 24, 2, 27], [17, 25, 3, 0], [18, 26, 3, 1], [19, 27, 3, 2], [20, 28, 3, 3], [20, 29, 3, 4], [19, 30, 3, 5], [18, 31, 3, 6], [17, 32, 3, 7], [21, 25, 3, 16], [22, 26, 3, 17], [23, 27, 3, 18], [24, 28, 3, 19], [24, 29, 3, 20], [23, 30, 3, 21], [22, 31, 3, 22], [21, 32, 3, 23]]
VERTEX_LABELS = [[1, 0], [1, 4], [1, 8], [1, 12], [1, 16], [1, 20], [1, 24], [1, 28], [2, 0], [2, 1], [2, 8], [2, 9], [2, 16], [2, 17], [2, 24], [2, 25], [3, 0], [3, 1], [3, 2], [3, 3], [3, 16], [3, 17], [3, 18], [3, 19], [4, 0], [4, 1], [4, 2], [4, 3], [4, 4], [4, 5], [4, 6], [4, 7], [1, 0, 1], [1, 0, 2], [1, 1, 1], [1, 1, 2], [1, 4, 1], [1, 4, 2], [1, 5, 1], [1, 5, 2], [1, 8, 1], [1, 8, 2], [1, 9, 1], [1, 9, 2], [1, 12, 1], [1, 12, 2], [1, 13, 1], [1, 13, 2], [1, 16, 1], [1, 16, 2], [1, 17, 1], [1, 17, 2], [1, 20, 1], [1, 20, 2], [1, 21, 1], [1, 21, 2], [1, 24, 1], [1, 24, 2], [1, 25, 1], [1, 25, 2], [1, 28, 1], [1, 28, 2], [1, 29, 1], [1, 29, 2], [2, 0, 1], [2, 0, 2], [2, 1, 1], [2, 1, 2], [2, 2, 1], [2, 2, 2], [2, 3, 1], [2, 3, 2], [2, 8, 1], [2, 8, 2], [2, 9, 1], [2, 9, 2], [2, 10, 1], [2, 10, 2], [2, 11, 1], [2, 11, 2], [2, 16, 1], [2, 16, 2], [2, 17, 1], [2, 17, 2], [2, 18, 1], [2, 18, 2], [2, 19, 1], [2, 19, 2], [2, 24, 1], [2, 24, 2], [2, 25, 1], [2, 25, 2], [2, 26, 1], [2, 26, 2], [2, 27, 1], [2, 27, 2], [3, 0, 1], [3, 0, 2], [3, 1, 1], [3, 1, 2], [3, 2, 1], [3, 2, 2], [3, 3, 1], [3, 3, 2], [3, 4, 1], [3, 4, 2], [3, 5, 1], [3, 5, 2], [3, 6, 1], [3, 6, 2], [3, 7, 1], [3, 7, 2], [3, 16, 1], [3, 16, 2], [3, 17, 1], [3, 17, 2], [3, 18, 1], [3, 18, 2], [3, 19, 1], [3, 19, 2], [3, 20, 1], [3, 20, 2], [3, 21, 1], [3, 21, 2], [3, 22, 1], [3, 22, 2], [3, 23, 1], [3, 23, 2]]
H_DIVISOR = [0, 0, 0, 0, 0, 0, 0, 0, 0, 0, 0, 0, 0, 0, 0, 0, 0, 0, 0, 0, 0, 0, 0, 0, 2, 2, 2, 2, 2, 2, 2, 2, 0, 0, 0, 0, 0, 0, 0, 0, 0, 0, 0, 0, 0, 0, 0, 0, 0, 0, 0, 0, 0, 0, 0, 0, 0, 0, 0, 0, 0, 0, 0, 0, 0, 0, 0, 0, 0, 0, 0, 0, 0, 0, 0, 0, 0, 0, 0, 0, 0, 0, 0, 0, 0, 0, 0, 0, 0, 0, 0, 0, 0, 0, 0, 0, 0, 0, 0, 0, 0, 0, 0, 0, 0, 0, 0, 0, 0, 0, 0, 0, 0, 0, 0, 0, 0, 0, 0, 0, 0, 0, 0, 0, 0, 0, 0, 0]~
REDUCED_DIVISOR = [0, 0, 0, 0, 0, 0, 0, 0, 0, 2, 0, 0, 0, 0, 0, 0, 3, 2, 2, 0, 0, 0, 0, 0, 0, 0, 0, 0, 0, 0, 0, 0, 0, 0, 0, 0, 0, 0, 0, 0, 0, 0, 0, 0, 0, 0, 0, 0, 0, 0, 0, 0, 0, 0, 0, 0, 0, 0, 0, 0, 0, 0, 0, 0, 7, 0, 0, 0, 0, 0, 0, 0, 0, 0, 0, 0, 0, 0, 0, 0, 0, 0, 0, 0, 0, 0, 0, 0, 0, 0, 0, 0, 0, 0, 0, 0, 0, 0, 0, 0, 0, 0, 0, 0, 0, 0, 0, 0, 0, 0, 0, 0, 0, 0, 0, 0, 0, 0, 0, 0, 0, 0, 0, 0, 0, 0, 0, 0]~
FIRING_POTENTIAL = [36, 36, 57, 57, 75, 75, 75, 75, 21, 51, 51, 63, 72, 78, 72, 78, 36, 69, 69, 54, 66, 81, 81, 72, 60, 84, 84, 72, 72, 84, 84, 60, 31, 26, 41, 46, 31, 26, 41, 46, 55, 53, 59, 61, 55, 53, 59, 61, 74, 73, 76, 77, 74, 73, 76, 77, 74, 73, 76, 77, 74, 73, 76, 77, 0, 18, 57, 63, 57, 63, 32, 43, 46, 41, 65, 67, 65, 67, 52, 53, 70, 68, 79, 80, 79, 80, 72, 72, 70, 68, 79, 80, 79, 80, 72, 72, 44, 52, 74, 79, 74, 79, 60, 66, 60, 66, 74, 79, 74, 79, 44, 52, 64, 62, 82, 83, 82, 83, 72, 72, 72, 72, 82, 83, 82, 83, 64, 62]~
BURN_ORDER = [65, 9, 34, 38, 66, 71, 72, 20, 33, 37, 80, 103, 104, 105, 106, 1, 2, 28, 29, 35, 36, 39, 40, 79, 120, 122, 11, 42, 46, 73, 74, 119, 121, 24, 41, 45, 88, 96, 3, 4, 43, 44, 47, 48, 87, 95, 12, 13, 15, 50, 54, 58, 62, 75, 76, 77, 78, 81, 82, 89, 90, 21, 49, 53, 57, 61, 113, 114, 127, 128, 5, 6, 7, 8, 25, 32, 51, 52, 55, 56, 59, 60, 63, 64, 98, 112, 14, 16, 83, 84, 85, 86, 91, 92, 93, 94, 97, 111, 17, 22, 23, 115, 116, 117, 118, 123, 124, 125, 126, 26, 27, 30, 31, 100, 102, 108, 110, 99, 101, 107, 109, 18, 19, 68, 70, 67, 69, 10]
FIRING_STEPS = 84 MARKED_COEFFICIENT = 7 RANK_MINUS_ONE = 0
CHAIN_GRAPH_CONTROL_COMPLETED
