# K=14; S columns (a,b) for s^a t^b: 13,0 12,1 11,2 10,3 9,4 8,5 7,6 6,7 5,8 4,9 3,10 2,11 1,12 0,13 12,0 11,1 10,2 9,3 8,4 7,5 6,6 5,7 4,8 3,9 2,10 1,11 0,12 11,0 10,1 9,2 8,3 7,4 6,5 5,6 4,7 3,8 2,9 1,10 0,11 10,0 9,1 8,2 7,3 6,4 5,5 4,6 3,7 2,8 1,9 0,10 9,0 8,1 7,2 6,3 5,4 4,5 3,6 2,7 1,8 0,9 8,0 7,1 6,2 5,3 4,4 3,5 2,6 1,7 0,8 7,0 6,1 5,2 4,3 3,4 2,5 1,6 0,7 6,0 5,1 4,2 3,3 2,4 1,5 0,6 5,0 4,1 3,2 2,3 1,4 0,5 4,0 3,1 2,2 1,3 0,4 3,0 2,1 1,2 0,3 2,0 1,1 0,2 1,0 0,1 0,0
0 0 0 0 0 0 0 0 0 0 0 0 0 0 0 1 0 0 0 0 0 0 0 0 0 1 0 865024 249995 0 0 0 0 0 0 0 0 865024 249995 684878 175971 0 0 0 687502 0 0 0 118705 684878 233320 648565 0 0 258437 234376 0 0 30323 400196 371055 875574 0 241958 950009 106190 0 936456 504456 636320 99371 32125 499674 659901 356671 231729 462106 985820 185941 403150 322516 926882 770759 833708 236039 162104 341637 244751 142355 271646 829372 508459 431441 876466 643383 134185 894331 290200 310637 864942 622342 333046 127501 4184 570130 
0 0 0 0 0 0 0 0 0 0 0 0 0 0 0 0 0 0 0 0 0 0 0 0 0 0 0 1 0 0 0 0 0 0 0 0 0 1 0 999997 715161 0 0 0 0 0 0 0 687512 999997 315571 852998 0 0 687502 0 0 0 173644 874946 84452 7640 0 769533 562502 142803 0 946145 233338 126252 850515 289930 871099 282788 214491 117647 447566 752202 153789 62452 519256 282858 948911 185869 35906 222329 991776 892147 398111 377316 656925 891674 346402 719120 974465 43778 457510 390597 426010 830766 764204 825482 952364 453947 395744 
0 0 0 0 0 0 0 0 0 0 0 0 0 0 0 0 0 0 0 0 0 0 0 0 0 0 0 0 1 0 0 0 0 0 0 0 0 0 1 500007 769191 0 0 0 0 0 0 0 256972 500007 879658 721342 0 0 0 687502 0 0 222390 194295 934420 230436 0 233940 93750 451927 0 598289 944404 670790 112065 877164 760861 805598 852157 450330 586289 12229 416466 115654 883166 562411 114433 620677 507761 312416 618285 181708 650273 78906 813514 140257 568343 638273 406916 910802 881324 488861 817977 329173 580408 233361 687231 793649 787279 
0 0 0 0 0 0 0 0 0 0 0 0 0 0 0 0 0 0 0 0 0 0 0 0 0 0 0 0 0 0 0 0 0 0 0 0 0 0 0 1 907851 0 0 0 0 0 0 0 16 1 427466 437722 0 0 0 0 0 0 861203 499911 840260 193673 0 1000002 687502 505761 0 224392 48136 319585 949780 8676 93755 30024 353403 392712 589830 733827 709965 732227 327397 947301 293472 44383 861847 757857 278684 21077 523562 404787 315137 451919 247652 378229 609625 599381 454345 743664 410479 602094 115117 146312 817395 208380 457059 
0 0 0 0 0 0 0 0 0 0 0 0 0 0 0 0 0 0 0 0 0 0 0 0 0 0 0 0 0 0 0 0 0 0 0 0 0 0 0 0 1 0 0 0 0 0 0 0 0 0 500005 249996 0 0 0 0 0 0 0 0 62487 750011 0 0 0 687502 0 0 0 375015 796872 0 0 718752 921878 0 0 691423 919927 0 164063 949222 705731 0 223615 721656 72390 794721 283390 142253 118219 27745 993493 657785 232061 509010 165652 802186 779633 420258 981076 668955 952387 250009 701927 
0 0 0 0 0 0 0 0 0 0 0 0 0 0 0 0 0 0 0 0 0 0 0 0 0 0 0 0 0 0 0 0 0 0 0 0 0 0 0 0 0 0 0 0 0 0 0 0 1 0 0 0 0 0 0 0 0 0 500008 249995 0 0 0 687502 0 0 0 166676 499967 621732 834752 781252 234376 0 0 27737 260373 279271 763306 171877 843752 0 95264 788394 853559 593480 113787 400688 34522 483711 920236 807983 95581 801871 490248 14050 831091 423397 951644 305842 935942 674254 795028 758064 837510 
0 0 0 0 0 0 0 0 0 0 0 0 0 0 0 0 0 0 0 0 0 0 0 0 0 0 0 0 0 0 0 0 0 0 0 0 0 0 0 0 0 0 0 0 0 0 0 0 0 0 1 0 0 0 0 0 0 0 0 0 749998 0 0 0 0 0 0 0 0 910725 0 0 0 687502 0 0 0 582581 988276 0 421876 265626 0 0 195573 552773 483627 160157 650193 0 695166 941780 883215 743603 533225 139345 389452 388420 978147 518781 981050 7900 807911 941429 267043 
0 0 0 0 0 0 0 0 0 0 0 0 0 0 0 0 0 0 0 0 0 0 0 0 0 0 0 0 0 0 0 0 0 0 0 0 0 0 0 0 0 0 0 0 0 0 0 0 0 0 0 1 0 0 0 0 0 0 0 0 500005 749998 0 0 0 0 0 0 0 763382 31256 0 0 0 687502 0 0 974350 25384 0 0 718752 594124 0 343586 475608 631022 191848 245404 941502 589789 24917 164636 87353 148451 499282 101136 347584 172010 199652 500301 535296 547454 109755 226102 
0 0 0 0 0 0 0 0 0 0 0 0 0 0 0 0 0 0 0 0 0 0 0 0 0 0 0 0 0 0 0 0 0 0 0 0 0 0 0 0 0 0 0 0 0 0 0 0 0 0 0 0 0 0 0 0 0 0 1 0 0 0 0 0 0 0 0 694456 249995 751753 811401 687502 0 0 0 569483 402731 894957 8108 234376 0 0 707406 503303 996697 971346 647271 278604 689699 10401 157690 193314 403986 952279 598003 39355 640071 369863 745161 912693 506143 460542 464545 155024 783485 
0 0 0 0 0 0 0 0 0 0 0 0 0 0 0 0 0 0 0 0 0 0 0 0 0 0 0 0 0 0 0 0 0 0 0 0 0 0 0 0 0 0 0 0 0 0 0 0 0 0 0 0 0 0 0 0 0 0 0 1 0 0 0 0 0 0 0 611106 5 345042 557483 0 687502 0 0 791627 6989 484762 96708 750002 562502 0 268389 59233 350613 511424 634947 328793 828279 467789 700962 956182 344263 256476 861632 278379 718535 147831 960047 100603 744289 307414 301355 387109 110758 
0 0 0 0 0 0 0 0 0 0 0 0 0 0 0 0 0 0 0 0 0 0 0 0 0 0 0 0 0 0 0 0 0 0 0 0 0 0 0 0 0 0 0 0 0 0 0 0 0 0 0 0 0 0 0 0 0 0 0 0 1 0 0 0 0 0 0 0 0 142853 0 0 0 0 0 0 0 955368 671875 0 0 687502 0 0 126103 476573 54743 125000 715351 0 114285 604023 568042 823106 380289 566301 68481 428583 907024 928338 365285 293009 216085 290197 67644 
0 0 0 0 0 0 0 0 0 0 0 0 0 0 0 0 0 0 0 0 0 0 0 0 0 0 0 0 0 0 0 0 0 0 0 0 0 0 0 0 0 0 0 0 0 0 0 0 0 0 0 0 0 0 0 0 0 0 0 0 0 1 0 0 0 0 0 0 0 428576 999997 0 0 0 0 0 0 741057 93756 0 0 0 672621 0 308038 390648 437786 305558 680274 636907 627035 877636 357746 791429 884729 501971 752867 943752 646503 441107 753140 667848 481317 255278 778671 
0 0 0 0 0 0 0 0 0 0 0 0 0 0 0 0 0 0 0 0 0 0 0 0 0 0 0 0 0 0 0 0 0 0 0 0 0 0 0 0 0 0 0 0 0 0 0 0 0 0 0 0 0 0 0 0 0 0 0 0 0 0 0 0 0 0 0 1 0 756263 3367 0 0 0 0 500009 999998 547678 760862 0 0 0 909736 499965 934813 2373 705658 443545 265927 779257 596755 790146 938428 927897 832335 261329 346723 851238 855069 101172 40143 428669 149739 196341 768452 
0 0 0 0 0 0 0 0 0 0 0 0 0 0 0 0 0 0 0 0 0 0 0 0 0 0 0 0 0 0 0 0 0 0 0 0 0 0 0 0 0 0 0 0 0 0 0 0 0 0 0 0 0 0 0 0 0 0 0 0 0 0 0 0 0 0 0 0 1 197449 665922 0 0 0 0 444437 250005 241565 37567 687502 0 0 520797 694503 138403 408085 789611 512824 612664 623509 683143 872276 454954 732201 27620 783542 522633 34185 716194 162539 364225 143399 993846 90727 110433 
0 0 0 0 0 0 0 0 0 0 0 0 0 0 0 0 0 0 0 0 0 0 0 0 0 0 0 0 0 0 0 0 0 0 0 0 0 0 0 0 0 0 0 0 0 0 0 0 0 0 0 0 0 0 0 0 0 0 0 0 0 0 0 0 0 0 0 0 0 1 396228 0 0 0 0 0 0 136790 475232 0 0 0 331762 0 900346 359100 632158 229036 994949 66431 468280 891946 895764 752782 16622 339749 559977 207180 960366 818558 818839 135770 649168 928533 929609 
0 0 0 0 0 0 0 0 0 0 0 0 0 0 0 0 0 0 0 0 0 0 0 0 0 0 0 0 0 0 0 0 0 0 0 0 0 0 0 0 0 0 0 0 0 0 0 0 0 0 0 0 0 0 0 0 0 0 0 0 0 0 0 0 0 0 0 0 0 0 1 0 0 0 0 0 0 500005 124997 0 0 0 313493 0 124992 812505 31177 768520 194445 120040 914066 632124 529064 738398 761411 589631 55102 110681 779348 967584 134330 333882 959886 326198 313752 
0 0 0 0 0 0 0 0 0 0 0 0 0 0 0 0 0 0 0 0 0 0 0 0 0 0 0 0 0 0 0 0 0 0 0 0 0 0 0 0 0 0 0 0 0 0 0 0 0 0 0 0 0 0 0 0 0 0 0 0 0 0 0 0 0 0 0 0 0 0 0 0 0 0 0 1 500002 0 0 0 0 0 125005 749999 687502 343751 507814 468525 27782 281232 609377 896487 188435 228667 220477 353516 505112 468632 383711 889826 284666 186195 762111 553982 761938 
0 0 0 0 0 0 0 0 0 0 0 0 0 0 0 0 0 0 0 0 0 0 0 0 0 0 0 0 0 0 0 0 0 0 0 0 0 0 0 0 0 0 0 0 0 0 0 0 0 0 0 0 0 0 0 0 0 0 0 0 0 0 0 0 0 0 0 0 0 0 0 0 0 0 0 0 1 0 0 0 0 0 83334 500007 0 687502 15625 993520 944463 270844 93750 792971 630985 834410 836731 300782 190804 727823 386111 852953 49463 332319 800611 938332 402429 
0 0 0 0 0 0 0 0 0 0 0 0 0 0 0 0 0 0 0 0 0 0 0 0 0 0 0 0 0 0 0 0 0 0 0 0 0 0 0 0 0 0 0 0 0 0 0 0 0 0 0 0 0 0 0 0 0 0 0 0 0 0 0 0 0 0 0 0 0 0 0 0 0 0 0 0 0 1 749997 0 0 0 0 0 874980 125024 562650 0 0 0 578198 110733 264773 374964 672621 414456 281530 946058 233817 449652 299393 33844 147207 915779 173725 
0 0 0 0 0 0 0 0 0 0 0 0 0 0 0 0 0 0 0 0 0 0 0 0 0 0 0 0 0 0 0 0 0 0 0 0 0 0 0 0 0 0 0 0 0 0 0 0 0 0 0 0 0 0 0 0 0 0 0 0 0 0 0 0 0 0 0 0 0 0 0 0 0 0 0 0 0 0 1 0 0 0 0 0 500005 499997 249970 0 0 0 437489 937220 62677 630962 0 108479 282817 395358 845202 610054 198500 829872 249993 852715 623057 
0 0 0 0 0 0 0 0 0 0 0 0 0 0 0 0 0 0 0 0 0 0 0 0 0 0 0 0 0 0 0 0 0 0 0 0 0 0 0 0 0 0 0 0 0 0 0 0 0 0 0 0 0 0 0 0 0 0 0 0 0 0 0 0 0 0 0 0 0 0 0 0 0 0 0 0 0 0 0 0 1 0 0 0 0 0 750007 249994 0 0 0 562511 312472 764904 0 625012 984324 874436 222433 691347 625516 888894 7506 730513 756579 
0 0 0 0 0 0 0 0 0 0 0 0 0 0 0 0 0 0 0 0 0 0 0 0 0 0 0 0 0 0 0 0 0 0 0 0 0 0 0 0 0 0 0 0 0 0 0 0 0 0 0 0 0 0 0 0 0 0 0 0 0 0 0 0 0 0 0 0 0 0 0 0 0 0 0 0 0 0 0 0 0 0 1 0 0 0 0 333542 7 249995 0 0 500936 970588 874965 0 293251 607044 29398 881285 261603 58017 724215 800096 60793 
0 0 0 0 0 0 0 0 0 0 0 0 0 0 0 0 0 0 0 0 0 0 0 0 0 0 0 0 0 0 0 0 0 0 0 0 0 0 0 0 0 0 0 0 0 0 0 0 0 0 0 0 0 0 0 0 0 0 0 0 0 0 0 0 0 0 0 0 0 0 0 0 0 0 0 0 0 0 0 0 0 0 0 1 0 0 687502 98 777772 5 687502 203125 547318 247695 319502 859376 649190 923166 315686 399931 848940 792327 963132 743620 735769 
0 0 0 0 0 0 0 0 0 0 0 0 0 0 0 0 0 0 0 0 0 0 0 0 0 0 0 0 0 0 0 0 0 0 0 0 0 0 0 0 0 0 0 0 0 0 0 0 0 0 0 0 0 0 0 0 0 0 0 0 0 0 0 0 0 0 0 0 0 0 0 0 0 0 0 0 0 0 0 0 0 0 0 0 1 0 249985 0 0 0 749998 437349 812593 625006 0 999527 469577 44318 874982 873526 439258 117452 758285 795451 159042 
0 0 0 0 0 0 0 0 0 0 0 0 0 0 0 0 0 0 0 0 0 0 0 0 0 0 0 0 0 0 0 0 0 0 0 0 0 0 0 0 0 0 0 0 0 0 0 0 0 0 0 0 0 0 0 0 0 0 0 0 0 0 0 0 0 0 0 0 0 0 0 0 0 0 0 0 0 0 0 0 0 0 0 0 0 1 500007 0 0 0 500005 875061 874971 833334 0 312701 562165 930450 833345 38012 56227 850650 690029 856648 644505 
0 0 0 0 0 0 0 0 0 0 0 0 0 0 0 0 0 0 0 0 0 0 0 0 0 0 0 0 0 0 0 0 0 0 0 0 0 0 0 0 0 0 0 0 0 0 0 0 0 0 0 0 0 0 0 0 0 0 0 0 0 0 0 0 0 0 0 0 0 0 0 0 0 0 0 0 0 0 0 0 0 0 0 0 0 0 1 0 0 0 0 750012 249995 690478 0 31 624949 519580 547622 609221 66136 999632 762393 916119 736089 
0 0 0 0 0 0 0 0 0 0 0 0 0 0 0 0 0 0 0 0 0 0 0 0 0 0 0 0 0 0 0 0 0 0 0 0 0 0 0 0 0 0 0 0 0 0 0 0 0 0 0 0 0 0 0 0 0 0 0 0 0 0 0 0 0 0 0 0 0 0 0 0 0 0 0 0 0 0 0 0 0 0 0 0 0 0 0 1 0 0 0 0 500006 238088 0 0 125008 325936 247050 609382 430816 792876 697677 656819 511009 
0 0 0 0 0 0 0 0 0 0 0 0 0 0 0 0 0 0 0 0 0 0 0 0 0 0 0 0 0 0 0 0 0 0 0 0 0 0 0 0 0 0 0 0 0 0 0 0 0 0 0 0 0 0 0 0 0 0 0 0 0 0 0 0 0 0 0 0 0 0 0 0 0 0 0 0 0 0 0 0 0 0 0 0 0 0 0 0 1 0 0 0 0 500007 999997 0 0 217185 374989 0 298322 398380 2512 841444 920611 
0 0 0 0 0 0 0 0 0 0 0 0 0 0 0 0 0 0 0 0 0 0 0 0 0 0 0 0 0 0 0 0 0 0 0 0 0 0 0 0 0 0 0 0 0 0 0 0 0 0 0 0 0 0 0 0 0 0 0 0 0 0 0 0 0 0 0 0 0 0 0 0 0 0 0 0 0 0 0 0 0 0 0 0 0 0 0 0 0 1 0 0 0 944441 500007 0 0 535794 777718 0 603697 792780 551983 925358 151990 
0 0 0 0 0 0 0 0 0 0 0 0 0 0 0 0 0 0 0 0 0 0 0 0 0 0 0 0 0 0 0 0 0 0 0 0 0 0 0 0 0 0 0 0 0 0 0 0 0 0 0 0 0 0 0 0 0 0 0 0 0 0 0 0 0 0 0 0 0 0 0 0 0 0 0 0 0 0 0 0 0 0 0 0 0 0 0 0 0 0 1 2 0 0 0 750007 499990 489287 0 749971 252575 553574 640419 813620 680144 
0 0 0 0 0 0 0 0 0 0 0 0 0 0 0 0 0 0 0 0 0 0 0 0 0 0 0 0 0 0 0 0 0 0 0 0 0 0 0 0 0 0 0 0 0 0 0 0 0 0 0 0 0 0 0 0 0 0 0 0 0 0 0 0 0 0 0 0 0 0 0 0 0 0 0 0 0 0 0 0 0 0 0 0 0 0 0 0 0 0 0 1 0 0 0 500006 249995 650895 0 499976 486339 745537 904802 72715 280831 
0 0 0 0 0 0 0 0 0 0 0 0 0 0 0 0 0 0 0 0 0 0 0 0 0 0 0 0 0 0 0 0 0 0 0 0 0 0 0 0 0 0 0 0 0 0 0 0 0 0 0 0 0 0 0 0 0 0 0 0 0 0 0 0 0 0 0 0 0 0 0 0 0 0 0 0 0 0 0 0 0 0 0 0 0 0 0 0 0 0 0 0 1 0 0 0 500006 714280 0 125009 259816 834849 674771 254328 138031 
0 0 0 0 0 0 0 0 0 0 0 0 0 0 0 0 0 0 0 0 0 0 0 0 0 0 0 0 0 0 0 0 0 0 0 0 0 0 0 0 0 0 0 0 0 0 0 0 0 0 0 0 0 0 0 0 0 0 0 0 0 0 0 0 0 0 0 0 0 0 0 0 0 0 0 0 0 0 0 0 0 0 0 0 0 0 0 0 0 0 0 0 0 1 0 0 0 500008 999998 0 32406 312471 706556 297869 774273 
0 0 0 0 0 0 0 0 0 0 0 0 0 0 0 0 0 0 0 0 0 0 0 0 0 0 0 0 0 0 0 0 0 0 0 0 0 0 0 0 0 0 0 0 0 0 0 0 0 0 0 0 0 0 0 0 0 0 0 0 0 0 0 0 0 0 0 0 0 0 0 0 0 0 0 0 0 0 0 0 0 0 0 0 0 0 0 0 0 0 0 0 0 0 1 0 0 68688 20 0 362693 844075 103242 486307 518320 
0 0 0 0 0 0 0 0 0 0 0 0 0 0 0 0 0 0 0 0 0 0 0 0 0 0 0 0 0 0 0 0 0 0 0 0 0 0 0 0 0 0 0 0 0 0 0 0 0 0 0 0 0 0 0 0 0 0 0 0 0 0 0 0 0 0 0 0 0 0 0 0 0 0 0 0 0 0 0 0 0 0 0 0 0 0 0 0 0 0 0 0 0 0 0 1 0 25000 0 999998 330267 875003 331366 270835 520112 
0 0 0 0 0 0 0 0 0 0 0 0 0 0 0 0 0 0 0 0 0 0 0 0 0 0 0 0 0 0 0 0 0 0 0 0 0 0 0 0 0 0 0 0 0 0 0 0 0 0 0 0 0 0 0 0 0 0 0 0 0 0 0 0 0 0 0 0 0 0 0 0 0 0 0 0 0 0 0 0 0 0 0 0 0 0 0 0 0 0 0 0 0 0 0 0 1 682145 0 750006 510518 589287 85866 738270 320727 
0 0 0 0 0 0 0 0 0 0 0 0 0 0 0 0 0 0 0 0 0 0 0 0 0 0 0 0 0 0 0 0 0 0 0 0 0 0 0 0 0 0 0 0 0 0 0 0 0 0 0 0 0 0 0 0 0 0 0 0 0 0 0 0 0 0 0 0 0 0 0 0 0 0 0 0 0 0 0 0 0 0 0 0 0 0 0 0 0 0 0 0 0 0 0 0 0 1 0 333311 693350 999998 100163 786187 33046 
0 0 0 0 0 0 0 0 0 0 0 0 0 0 0 0 0 0 0 0 0 0 0 0 0 0 0 0 0 0 0 0 0 0 0 0 0 0 0 0 0 0 0 0 0 0 0 0 0 0 0 0 0 0 0 0 0 0 0 0 0 0 0 0 0 0 0 0 0 0 0 0 0 0 0 0 0 0 0 0 0 0 0 0 0 0 0 0 0 0 0 0 0 0 0 0 0 0 1 0 84695 250005 567607 785564 30129 
0 0 0 0 0 0 0 0 0 0 0 0 0 0 0 0 0 0 0 0 0 0 0 0 0 0 0 0 0 0 0 0 0 0 0 0 0 0 0 0 0 0 0 0 0 0 0 0 0 0 0 0 0 0 0 0 0 0 0 0 0 0 0 0 0 0 0 0 0 0 0 0 0 0 0 0 0 0 0 0 0 0 0 0 0 0 0 0 0 0 0 0 0 0 0 0 0 0 0 1 457243 0 21012 756191 770222 
0 0 0 0 0 0 0 0 0 0 0 0 0 0 0 0 0 0 0 0 0 0 0 0 0 0 0 0 0 0 0 0 0 0 0 0 0 0 0 0 0 0 0 0 0 0 0 0 0 0 0 0 0 0 0 0 0 0 0 0 0 0 0 0 0 0 0 0 0 0 0 0 0 0 0 0 0 0 0 0 0 0 0 0 0 0 0 0 0 0 0 0 0 0 0 0 0 0 0 0 1 0 750006 499997 835215 
0 0 0 0 0 0 0 0 0 0 0 0 0 0 0 0 0 0 0 0 0 0 0 0 0 0 0 0 0 0 0 0 0 0 0 0 0 0 0 0 0 0 0 0 0 0 0 0 0 0 0 0 0 0 0 0 0 0 0 0 0 0 0 0 0 0 0 0 0 0 0 0 0 0 0 0 0 0 0 0 0 0 0 0 0 0 0 0 0 0 0 0 0 0 0 0 0 0 0 0 0 1 111112 750006 791686 
0 0 0 0 0 0 0 0 0 0 0 0 0 0 0 0 0 0 0 0 0 0 0 0 0 0 0 0 0 0 0 0 0 0 0 0 0 0 0 0 0 0 0 0 0 0 0 0 0 0 0 0 0 0 0 0 0 0 0 0 0 0 0 0 0 0 0 0 0 0 0 0 0 0 0 0 0 0 0 0 0 0 0 0 0 0 0 0 0 0 0 0 0 0 0 0 0 0 0 0 0 0 1 0 554345 
0 0 0 0 0 0 0 0 0 0 0 0 0 0 0 0 0 0 0 0 0 0 0 0 0 0 0 0 0 0 0 0 0 0 0 0 0 0 0 0 0 0 0 0 0 0 0 0 0 0 0 0 0 0 0 0 0 0 0 0 0 0 0 0 0 0 0 0 0 0 0 0 0 0 0 0 0 0 0 0 0 0 0 0 0 0 0 0 0 0 0 0 0 0 0 0 0 0 0 0 0 0 0 1 272261 
0 0 0 0 0 0 0 0 0 0 0 0 0 0 0 0 0 0 0 0 0 0 0 0 0 0 0 0 0 0 0 0 0 0 0 0 0 0 0 0 0 0 0 0 0 0 0 0 0 0 0 0 0 0 0 0 0 0 0 0 0 0 0 0 0 0 0 0 0 0 0 0 0 0 0 0 0 0 0 0 0 0 0 0 0 0 0 0 0 0 0 0 0 0 0 0 0 0 0 0 0 0 0 0 1 
