# K=7; S columns (a,b) for s^a t^b: 6,0 5,1 4,2 3,3 2,4 1,5 0,6 5,0 4,1 3,2 2,3 1,4 0,5 4,0 3,1 2,2 1,3 0,4 3,0 2,1 1,2 0,3 2,0 1,1 0,2 1,0 0,1 0,0
0 0 0 0 0 0 0 0 0 0 0 0 0 0 1 0 0 0 4 897055 0 0 338214 15893 0 210151 990454 925668 
0 0 0 0 0 0 0 0 0 0 0 0 0 0 0 0 1 0 0 627543 500009 749996 510166 830569 999959 982685 745909 314781 
0 0 0 0 0 0 0 0 0 0 0 0 0 0 0 0 0 0 1 0 0 0 249996 0 0 25577 0 135646 
0 0 0 0 0 0 0 0 0 0 0 0 0 0 0 0 0 0 0 1 0 0 4 244314 0 934646 997173 340600 
0 0 0 0 0 0 0 0 0 0 0 0 0 0 0 0 0 0 0 0 1 0 0 500008 499995 562513 906285 202642 
0 0 0 0 0 0 0 0 0 0 0 0 0 0 0 0 0 0 0 0 0 1 0 749995 6 124960 312334 578178 
0 0 0 0 0 0 0 0 0 0 0 0 0 0 0 0 0 0 0 0 0 0 1 0 0 460224 0 399157 
0 0 0 0 0 0 0 0 0 0 0 0 0 0 0 0 0 0 0 0 0 0 0 1 0 4 999998 508508 
0 0 0 0 0 0 0 0 0 0 0 0 0 0 0 0 0 0 0 0 0 0 0 0 1 750000 750034 62630 
0 0 0 0 0 0 0 0 0 0 0 0 0 0 0 0 0 0 0 0 0 0 0 0 0 1 833345 937533 
0 0 0 0 0 0 0 0 0 0 0 0 0 0 0 0 0 0 0 0 0 0 0 0 0 0 1 4 
0 0 0 0 0 0 0 0 0 0 0 0 0 0 0 0 0 0 0 0 0 0 0 0 0 0 0 1 
