# bmd_cube_local_smith 1000003 3 1 6 90 123457 777 123457  (same, with C1 = y_2: y_1 = y_2 + s, the divisor y_1 = y_2)
d=1 A: 0 0 0 1 (sum 1)
d=1 A': 0 0 0 1 (sum 1)
d=2 A: 0 0 0 0 0 1 1 2 (sum 4)
d=2 A': 0 0 0 0 0 1 1 2 (sum 4)
d=3 A: 0 0 0 0 0 0 0 1 1 2 2 3 (sum 9)
d=3 A': 0 0 0 0 0 0 0 1 1 2 2 3 (sum 9)
d=4 A: 0 0 0 0 0 0 0 0 0 1 1 2 2 3 3 4 (sum 16)
d=4 A': 0 0 0 0 0 0 0 0 0 1 1 2 2 3 3 4 (sum 16)
d=5 A: 0 0 0 0 0 0 0 0 0 0 0 1 1 2 2 3 3 4 4 5 (sum 25)
d=5 A': 0 0 0 0 0 0 0 0 0 0 0 1 1 2 2 3 3 4 4 5 (sum 25)
d=6 A: 0 0 0 0 0 0 0 0 0 0 0 0 0 1 1 2 2 3 3 4 4 5 5 6 (sum 36)
d=6 A': 0 0 0 0 0 0 0 0 0 0 0 0 0 1 1 2 2 3 3 4 4 5 5 6 (sum 36)
