[0;31m  ***   Warning: new maximum stack size = 2000003072 (1907.352 Mbytes).[0m
e=2: deg W = 44, edge 8e+4 = 20; hull segments with predicted |1+x| >= 4 [length, |1+x|]: [[1, 34.5000000000000000000000000000000000000000000000000000000000], [1, 17.5000000000000000000000000000000000000000000000000000000000], [2, 12.6900000000000000000000000000000000000000000000000000000000], [4, 10.8200000000000000000000000000000000000000000000000000000000], [1, 9.62000000000000000000000000000000000000000000000000000000000], [1, 8.15000000000000000000000000000000000000000000000000000000000], [1, 7.14000000000000000000000000000000000000000000000000000000000], [1, 5.98000000000000000000000000000000000000000000000000000000000], [1, 4.68000000000000000000000000000000000000000000000000000000000]] (total 13); roots with |1+x| >= 4: 11, |1+x| min 4.28000000000000000000000000000000000000000000000000000000000 median 7.57000000000000000000000000000000000000000000000000000000000 max 18.8200000000000000000000000000000000000000000000000000000000
e=3: deg W = 88, edge 8e+4 = 28; hull segments with predicted |1+x| >= 4 [length, |1+x|]: [[1, 56.6500000000000000000000000000000000000000000000000000000000], [1, 28.2100000000000000000000000000000000000000000000000000000000], [1, 18.7900000000000000000000000000000000000000000000000000000000], [1, 14.1200000000000000000000000000000000000000000000000000000000], [1, 11.3700000000000000000000000000000000000000000000000000000000], [10, 10.5100000000000000000000000000000000000000000000000000000000], [1, 9.67000000000000000000000000000000000000000000000000000000000], [1, 8.50000000000000000000000000000000000000000000000000000000000], [1, 7.58000000000000000000000000000000000000000000000000000000000], [1, 6.87000000000000000000000000000000000000000000000000000000000], [1, 6.32000000000000000000000000000000000000000000000000000000000], [1, 5.86000000000000000000000000000000000000000000000000000000000], [1, 5.44000000000000000000000000000000000000000000000000000000000], [1, 5.00000000000000000000000000000000000000000000000000000000000], [1, 4.54000000000000000000000000000000000000000000000000000000000], [1, 4.06000000000000000000000000000000000000000000000000000000000]] (total 25); roots with |1+x| >= 4: 19, |1+x| min 4.18000000000000000000000000000000000000000000000000000000000 median 9.21000000000000000000000000000000000000000000000000000000000 max 14.2600000000000000000000000000000000000000000000000000000000
e=4: deg W = 148, edge 8e+4 = 36; hull segments with predicted |1+x| >= 4 [length, |1+x|]: [[1, 90.0400000000000000000000000000000000000000000000000000000000], [1, 45.0200000000000000000000000000000000000000000000000000000000], [1, 30.0200000000000000000000000000000000000000000000000000000000], [1, 22.5400000000000000000000000000000000000000000000000000000000], [1, 18.0500000000000000000000000000000000000000000000000000000000], [1, 15.0800000000000000000000000000000000000000000000000000000000], [1, 12.9600000000000000000000000000000000000000000000000000000000], [1, 11.3800000000000000000000000000000000000000000000000000000000], [14, 11.1200000000000000000000000000000000000000000000000000000000], [1, 11.0900000000000000000000000000000000000000000000000000000000], [1, 10.1000000000000000000000000000000000000000000000000000000000], [1, 9.27000000000000000000000000000000000000000000000000000000000], [1, 8.57000000000000000000000000000000000000000000000000000000000], [1, 7.97000000000000000000000000000000000000000000000000000000000], [1, 7.46000000000000000000000000000000000000000000000000000000000], [1, 7.01000000000000000000000000000000000000000000000000000000000], [1, 6.63000000000000000000000000000000000000000000000000000000000], [1, 6.30000000000000000000000000000000000000000000000000000000000], [1, 6.01000000000000000000000000000000000000000000000000000000000], [1, 5.74000000000000000000000000000000000000000000000000000000000], [1, 5.48000000000000000000000000000000000000000000000000000000000], [1, 5.23000000000000000000000000000000000000000000000000000000000], [1, 4.96000000000000000000000000000000000000000000000000000000000], [1, 4.69000000000000000000000000000000000000000000000000000000000], [1, 4.41000000000000000000000000000000000000000000000000000000000], [1, 4.12000000000000000000000000000000000000000000000000000000000]] (total 39); roots with |1+x| >= 4: 27, |1+x| min 4.53000000000000000000000000000000000000000000000000000000000 median 10.3700000000000000000000000000000000000000000000000000000000 max 13.9400000000000000000000000000000000000000000000000000000000
[0;31m  *** polroots: Warning: increasing stack size to 16000000.[0m
e=5: deg W = 224, edge 8e+4 = 44; hull segments with predicted |1+x| >= 4 [length, |1+x|]: [[1, 132.940000000000000000000000000000000000000000000000000000000], [1, 66.6700000000000000000000000000000000000000000000000000000000], [1, 44.5800000000000000000000000000000000000000000000000000000000], [1, 33.5400000000000000000000000000000000000000000000000000000000], [1, 26.9100000000000000000000000000000000000000000000000000000000], [1, 22.5000000000000000000000000000000000000000000000000000000000], [1, 19.3500000000000000000000000000000000000000000000000000000000], [1, 16.9900000000000000000000000000000000000000000000000000000000], [1, 15.1600000000000000000000000000000000000000000000000000000000], [1, 13.7000000000000000000000000000000000000000000000000000000000], [1, 12.5100000000000000000000000000000000000000000000000000000000], [19, 12.2200000000000000000000000000000000000000000000000000000000], [1, 12.0600000000000000000000000000000000000000000000000000000000], [1, 11.2800000000000000000000000000000000000000000000000000000000], [1, 10.5900000000000000000000000000000000000000000000000000000000], [1, 9.99000000000000000000000000000000000000000000000000000000000], [1, 9.45000000000000000000000000000000000000000000000000000000000], [1, 8.97000000000000000000000000000000000000000000000000000000000], [1, 8.54000000000000000000000000000000000000000000000000000000000], [1, 8.15000000000000000000000000000000000000000000000000000000000], [1, 7.80000000000000000000000000000000000000000000000000000000000], [1, 7.48000000000000000000000000000000000000000000000000000000000], [1, 7.20000000000000000000000000000000000000000000000000000000000], [1, 6.94000000000000000000000000000000000000000000000000000000000], [1, 6.70000000000000000000000000000000000000000000000000000000000], [1, 6.49000000000000000000000000000000000000000000000000000000000], [1, 6.29000000000000000000000000000000000000000000000000000000000], [1, 6.10000000000000000000000000000000000000000000000000000000000], [1, 5.91000000000000000000000000000000000000000000000000000000000], [1, 5.73000000000000000000000000000000000000000000000000000000000], [1, 5.54000000000000000000000000000000000000000000000000000000000], [1, 5.35000000000000000000000000000000000000000000000000000000000], [1, 5.16000000000000000000000000000000000000000000000000000000000], [1, 4.96000000000000000000000000000000000000000000000000000000000], [1, 4.76000000000000000000000000000000000000000000000000000000000], [1, 4.56000000000000000000000000000000000000000000000000000000000], [1, 4.36000000000000000000000000000000000000000000000000000000000], [1, 4.15000000000000000000000000000000000000000000000000000000000]] (total 56); roots with |1+x| >= 4: 36, |1+x| min 4.14000000000000000000000000000000000000000000000000000000000 median 11.0300000000000000000000000000000000000000000000000000000000 max 14.6200000000000000000000000000000000000000000000000000000000
[0;31m  *** polroots: Warning: increasing stack size to 32000000.[0m
e=6: deg W = 316, edge 8e+4 = 52; hull segments with predicted |1+x| >= 4 [length, |1+x|]: [[1, 185.040000000000000000000000000000000000000000000000000000000], [1, 92.9800000000000000000000000000000000000000000000000000000000], [1, 62.2900000000000000000000000000000000000000000000000000000000], [1, 46.9400000000000000000000000000000000000000000000000000000000], [1, 37.7300000000000000000000000000000000000000000000000000000000], [1, 31.5900000000000000000000000000000000000000000000000000000000], [1, 27.2100000000000000000000000000000000000000000000000000000000], [1, 23.9200000000000000000000000000000000000000000000000000000000], [1, 21.3600000000000000000000000000000000000000000000000000000000], [1, 19.3100000000000000000000000000000000000000000000000000000000], [1, 17.6400000000000000000000000000000000000000000000000000000000], [1, 16.2400000000000000000000000000000000000000000000000000000000], [1, 15.0600000000000000000000000000000000000000000000000000000000], [1, 14.0500000000000000000000000000000000000000000000000000000000], [24, 13.5300000000000000000000000000000000000000000000000000000000], [1, 13.4600000000000000000000000000000000000000000000000000000000], [1, 12.7800000000000000000000000000000000000000000000000000000000], [1, 12.1700000000000000000000000000000000000000000000000000000000], [1, 11.6200000000000000000000000000000000000000000000000000000000], [1, 11.1200000000000000000000000000000000000000000000000000000000], [1, 10.6600000000000000000000000000000000000000000000000000000000], [1, 10.2400000000000000000000000000000000000000000000000000000000], [1, 9.85000000000000000000000000000000000000000000000000000000000], [1, 9.49000000000000000000000000000000000000000000000000000000000], [1, 9.16000000000000000000000000000000000000000000000000000000000], [1, 8.86000000000000000000000000000000000000000000000000000000000], [1, 8.58000000000000000000000000000000000000000000000000000000000], [1, 8.32000000000000000000000000000000000000000000000000000000000], [1, 8.07000000000000000000000000000000000000000000000000000000000], [1, 7.85000000000000000000000000000000000000000000000000000000000], [1, 7.64000000000000000000000000000000000000000000000000000000000], [1, 7.44000000000000000000000000000000000000000000000000000000000], [1, 7.26000000000000000000000000000000000000000000000000000000000], [1, 7.09000000000000000000000000000000000000000000000000000000000], [1, 6.93000000000000000000000000000000000000000000000000000000000], [1, 6.78000000000000000000000000000000000000000000000000000000000], [1, 6.63000000000000000000000000000000000000000000000000000000000], [1, 6.49000000000000000000000000000000000000000000000000000000000], [1, 6.35000000000000000000000000000000000000000000000000000000000], [1, 6.20000000000000000000000000000000000000000000000000000000000], [1, 6.06000000000000000000000000000000000000000000000000000000000], [1, 5.91000000000000000000000000000000000000000000000000000000000], [1, 5.77000000000000000000000000000000000000000000000000000000000], [1, 5.62000000000000000000000000000000000000000000000000000000000], [1, 5.47000000000000000000000000000000000000000000000000000000000], [1, 5.31000000000000000000000000000000000000000000000000000000000], [1, 5.16000000000000000000000000000000000000000000000000000000000], [1, 5.00000000000000000000000000000000000000000000000000000000000], [1, 4.85000000000000000000000000000000000000000000000000000000000], [1, 4.68000000000000000000000000000000000000000000000000000000000], [1, 4.52000000000000000000000000000000000000000000000000000000000], [1, 4.34000000000000000000000000000000000000000000000000000000000], [14, 4.17000000000000000000000000000000000000000000000000000000000], [1, 4.03000000000000000000000000000000000000000000000000000000000]] (total 90); roots with |1+x| >= 4: 53, |1+x| min 4.04000000000000000000000000000000000000000000000000000000000 median 10.0200000000000000000000000000000000000000000000000000000000 max 15.6900000000000000000000000000000000000000000000000000000000
e=7: deg W = 424, edge 8e+4 = 60; hull segments with predicted |1+x| >= 4 [length, |1+x|]: [[1, 246.230000000000000000000000000000000000000000000000000000000], [1, 123.900000000000000000000000000000000000000000000000000000000], [1, 83.1100000000000000000000000000000000000000000000000000000000], [1, 62.7200000000000000000000000000000000000000000000000000000000], [1, 50.4700000000000000000000000000000000000000000000000000000000], [1, 42.3100000000000000000000000000000000000000000000000000000000], [1, 36.4700000000000000000000000000000000000000000000000000000000], [1, 32.0900000000000000000000000000000000000000000000000000000000], [1, 28.6800000000000000000000000000000000000000000000000000000000], [1, 25.9500000000000000000000000000000000000000000000000000000000], [1, 23.7200000000000000000000000000000000000000000000000000000000], [1, 21.8600000000000000000000000000000000000000000000000000000000], [1, 20.2800000000000000000000000000000000000000000000000000000000], [1, 18.9300000000000000000000000000000000000000000000000000000000], [1, 17.7600000000000000000000000000000000000000000000000000000000], [1, 16.7300000000000000000000000000000000000000000000000000000000], [1, 15.8300000000000000000000000000000000000000000000000000000000], [1, 15.0200000000000000000000000000000000000000000000000000000000], [29, 14.9600000000000000000000000000000000000000000000000000000000], [1, 14.4700000000000000000000000000000000000000000000000000000000], [1, 13.9000000000000000000000000000000000000000000000000000000000], [1, 13.3800000000000000000000000000000000000000000000000000000000], [1, 12.9000000000000000000000000000000000000000000000000000000000], [1, 12.4600000000000000000000000000000000000000000000000000000000], [1, 12.0400000000000000000000000000000000000000000000000000000000], [1, 11.6600000000000000000000000000000000000000000000000000000000], [1, 11.3000000000000000000000000000000000000000000000000000000000], [1, 10.9600000000000000000000000000000000000000000000000000000000], [1, 10.6500000000000000000000000000000000000000000000000000000000], [1, 10.3600000000000000000000000000000000000000000000000000000000], [1, 10.0800000000000000000000000000000000000000000000000000000000], [1, 9.82000000000000000000000000000000000000000000000000000000000], [1, 9.57000000000000000000000000000000000000000000000000000000000], [1, 9.34000000000000000000000000000000000000000000000000000000000], [1, 9.13000000000000000000000000000000000000000000000000000000000], [1, 8.92000000000000000000000000000000000000000000000000000000000], [1, 8.73000000000000000000000000000000000000000000000000000000000], [1, 8.54000000000000000000000000000000000000000000000000000000000], [1, 8.37000000000000000000000000000000000000000000000000000000000], [1, 8.21000000000000000000000000000000000000000000000000000000000], [1, 8.05000000000000000000000000000000000000000000000000000000000], [1, 7.91000000000000000000000000000000000000000000000000000000000], [1, 7.77000000000000000000000000000000000000000000000000000000000], [1, 7.64000000000000000000000000000000000000000000000000000000000], [1, 7.51000000000000000000000000000000000000000000000000000000000], [1, 7.39000000000000000000000000000000000000000000000000000000000], [1, 7.27000000000000000000000000000000000000000000000000000000000], [1, 7.15000000000000000000000000000000000000000000000000000000000], [1, 7.03000000000000000000000000000000000000000000000000000000000], [1, 6.92000000000000000000000000000000000000000000000000000000000], [1, 6.80000000000000000000000000000000000000000000000000000000000], [1, 6.68000000000000000000000000000000000000000000000000000000000], [1, 6.57000000000000000000000000000000000000000000000000000000000], [1, 6.45000000000000000000000000000000000000000000000000000000000], [1, 6.33000000000000000000000000000000000000000000000000000000000], [1, 6.21000000000000000000000000000000000000000000000000000000000], [1, 6.08000000000000000000000000000000000000000000000000000000000], [1, 5.96000000000000000000000000000000000000000000000000000000000], [1, 5.83000000000000000000000000000000000000000000000000000000000], [1, 5.71000000000000000000000000000000000000000000000000000000000], [1, 5.58000000000000000000000000000000000000000000000000000000000], [1, 5.44000000000000000000000000000000000000000000000000000000000], [1, 5.31000000000000000000000000000000000000000000000000000000000], [1, 5.16000000000000000000000000000000000000000000000000000000000], [1, 5.01000000000000000000000000000000000000000000000000000000000], [1, 4.85000000000000000000000000000000000000000000000000000000000], [15, 4.79000000000000000000000000000000000000000000000000000000000], [1, 4.66000000000000000000000000000000000000000000000000000000000], [1, 4.51000000000000000000000000000000000000000000000000000000000], [1, 4.38000000000000000000000000000000000000000000000000000000000], [1, 4.26000000000000000000000000000000000000000000000000000000000], [1, 4.15000000000000000000000000000000000000000000000000000000000], [1, 4.05000000000000000000000000000000000000000000000000000000000]] (total 115); roots with |1+x| >= 4: 67, |1+x| min 4.64000000000000000000000000000000000000000000000000000000000 median 10.6500000000000000000000000000000000000000000000000000000000 max 16.9500000000000000000000000000000000000000000000000000000000
[0;31m  *** polroots: Warning: increasing stack size to 64000000.[0m
[0;31m  *** polroots: Warning: increasing stack size to 128000000.[0m
e=8: deg W = 548, edge 8e+4 = 68; hull segments with predicted |1+x| >= 4 [length, |1+x|]: [[1, 316.470000000000000000000000000000000000000000000000000000000], [1, 159.400000000000000000000000000000000000000000000000000000000], [1, 107.030000000000000000000000000000000000000000000000000000000], [1, 80.8400000000000000000000000000000000000000000000000000000000], [1, 65.1100000000000000000000000000000000000000000000000000000000], [1, 54.6200000000000000000000000000000000000000000000000000000000], [1, 47.1200000000000000000000000000000000000000000000000000000000], [1, 41.4900000000000000000000000000000000000000000000000000000000], [1, 37.1100000000000000000000000000000000000000000000000000000000], [1, 33.6000000000000000000000000000000000000000000000000000000000], [1, 30.7300000000000000000000000000000000000000000000000000000000], [1, 28.3400000000000000000000000000000000000000000000000000000000], [1, 26.3100000000000000000000000000000000000000000000000000000000], [1, 24.5700000000000000000000000000000000000000000000000000000000], [1, 23.0600000000000000000000000000000000000000000000000000000000], [1, 21.7300000000000000000000000000000000000000000000000000000000], [1, 20.5700000000000000000000000000000000000000000000000000000000], [1, 19.5300000000000000000000000000000000000000000000000000000000], [1, 18.5900000000000000000000000000000000000000000000000000000000], [1, 17.7600000000000000000000000000000000000000000000000000000000], [1, 17.0000000000000000000000000000000000000000000000000000000000], [34, 16.4500000000000000000000000000000000000000000000000000000000], [1, 16.2800000000000000000000000000000000000000000000000000000000], [1, 15.7500000000000000000000000000000000000000000000000000000000], [1, 15.2500000000000000000000000000000000000000000000000000000000], [1, 14.7800000000000000000000000000000000000000000000000000000000], [1, 14.3500000000000000000000000000000000000000000000000000000000], [1, 13.9400000000000000000000000000000000000000000000000000000000], [1, 13.5600000000000000000000000000000000000000000000000000000000], [1, 13.2000000000000000000000000000000000000000000000000000000000], [1, 12.8600000000000000000000000000000000000000000000000000000000], [1, 12.5300000000000000000000000000000000000000000000000000000000], [1, 12.2300000000000000000000000000000000000000000000000000000000], [1, 11.9400000000000000000000000000000000000000000000000000000000], [1, 11.6700000000000000000000000000000000000000000000000000000000], [1, 11.4100000000000000000000000000000000000000000000000000000000], [1, 11.1700000000000000000000000000000000000000000000000000000000], [1, 10.9400000000000000000000000000000000000000000000000000000000], [1, 10.7200000000000000000000000000000000000000000000000000000000], [1, 10.5000000000000000000000000000000000000000000000000000000000], [1, 10.3000000000000000000000000000000000000000000000000000000000], [1, 10.1100000000000000000000000000000000000000000000000000000000], [1, 9.93000000000000000000000000000000000000000000000000000000000], [1, 9.76000000000000000000000000000000000000000000000000000000000], [1, 9.59000000000000000000000000000000000000000000000000000000000], [1, 9.43000000000000000000000000000000000000000000000000000000000], [1, 9.28000000000000000000000000000000000000000000000000000000000], [1, 9.13000000000000000000000000000000000000000000000000000000000], [1, 8.99000000000000000000000000000000000000000000000000000000000], [1, 8.86000000000000000000000000000000000000000000000000000000000], [1, 8.73000000000000000000000000000000000000000000000000000000000], [1, 8.61000000000000000000000000000000000000000000000000000000000], [1, 8.49000000000000000000000000000000000000000000000000000000000], [1, 8.38000000000000000000000000000000000000000000000000000000000], [1, 8.27000000000000000000000000000000000000000000000000000000000], [1, 8.16000000000000000000000000000000000000000000000000000000000], [1, 8.06000000000000000000000000000000000000000000000000000000000], [1, 7.95000000000000000000000000000000000000000000000000000000000], [1, 7.85000000000000000000000000000000000000000000000000000000000], [1, 7.75000000000000000000000000000000000000000000000000000000000], [1, 7.65000000000000000000000000000000000000000000000000000000000], [1, 7.55000000000000000000000000000000000000000000000000000000000], [1, 7.45000000000000000000000000000000000000000000000000000000000], [1, 7.35000000000000000000000000000000000000000000000000000000000], [1, 7.25000000000000000000000000000000000000000000000000000000000], [1, 7.15000000000000000000000000000000000000000000000000000000000], [1, 7.04000000000000000000000000000000000000000000000000000000000], [1, 6.94000000000000000000000000000000000000000000000000000000000], [1, 6.83000000000000000000000000000000000000000000000000000000000], [1, 6.72000000000000000000000000000000000000000000000000000000000], [1, 6.61000000000000000000000000000000000000000000000000000000000], [1, 6.49000000000000000000000000000000000000000000000000000000000], [1, 6.38000000000000000000000000000000000000000000000000000000000], [1, 6.26000000000000000000000000000000000000000000000000000000000], [1, 6.14000000000000000000000000000000000000000000000000000000000], [1, 6.01000000000000000000000000000000000000000000000000000000000], [1, 5.88000000000000000000000000000000000000000000000000000000000], [1, 5.74000000000000000000000000000000000000000000000000000000000], [1, 5.60000000000000000000000000000000000000000000000000000000000], [1, 5.45000000000000000000000000000000000000000000000000000000000], [16, 5.40000000000000000000000000000000000000000000000000000000000], [1, 5.31000000000000000000000000000000000000000000000000000000000], [1, 5.17000000000000000000000000000000000000000000000000000000000], [1, 5.04000000000000000000000000000000000000000000000000000000000], [1, 4.92000000000000000000000000000000000000000000000000000000000], [1, 4.81000000000000000000000000000000000000000000000000000000000], [1, 4.71000000000000000000000000000000000000000000000000000000000], [1, 4.61000000000000000000000000000000000000000000000000000000000], [1, 4.52000000000000000000000000000000000000000000000000000000000], [1, 4.43000000000000000000000000000000000000000000000000000000000], [1, 4.34000000000000000000000000000000000000000000000000000000000], [1, 4.26000000000000000000000000000000000000000000000000000000000], [1, 4.17000000000000000000000000000000000000000000000000000000000], [1, 4.09000000000000000000000000000000000000000000000000000000000], [1, 4.00000000000000000000000000000000000000000000000000000000000]] (total 143); roots with |1+x| >= 4: 85, |1+x| min 4.14000000000000000000000000000000000000000000000000000000000 median 11.3000000000000000000000000000000000000000000000000000000000 max 18.3000000000000000000000000000000000000000000000000000000000
e=9: deg W = 688, edge 8e+4 = 76; hull segments with predicted |1+x| >= 4 [length, |1+x|]: [[1, 395.750000000000000000000000000000000000000000000000000000000], [1, 199.480000000000000000000000000000000000000000000000000000000], [1, 134.040000000000000000000000000000000000000000000000000000000], [1, 101.300000000000000000000000000000000000000000000000000000000], [1, 81.6400000000000000000000000000000000000000000000000000000000], [1, 68.5300000000000000000000000000000000000000000000000000000000], [1, 59.1600000000000000000000000000000000000000000000000000000000], [1, 52.1200000000000000000000000000000000000000000000000000000000], [1, 46.6400000000000000000000000000000000000000000000000000000000], [1, 42.2600000000000000000000000000000000000000000000000000000000], [1, 38.6600000000000000000000000000000000000000000000000000000000], [1, 35.6700000000000000000000000000000000000000000000000000000000], [1, 33.1300000000000000000000000000000000000000000000000000000000], [1, 30.9500000000000000000000000000000000000000000000000000000000], [1, 29.0600000000000000000000000000000000000000000000000000000000], [1, 27.4000000000000000000000000000000000000000000000000000000000], [1, 25.9400000000000000000000000000000000000000000000000000000000], [1, 24.6300000000000000000000000000000000000000000000000000000000], [1, 23.4700000000000000000000000000000000000000000000000000000000], [1, 22.4100000000000000000000000000000000000000000000000000000000], [1, 21.4600000000000000000000000000000000000000000000000000000000], [1, 20.5900000000000000000000000000000000000000000000000000000000], [1, 19.8000000000000000000000000000000000000000000000000000000000], [1, 19.0700000000000000000000000000000000000000000000000000000000], [1, 18.4000000000000000000000000000000000000000000000000000000000], [39, 17.9800000000000000000000000000000000000000000000000000000000], [1, 17.6800000000000000000000000000000000000000000000000000000000], [1, 17.2000000000000000000000000000000000000000000000000000000000], [1, 16.7500000000000000000000000000000000000000000000000000000000], [1, 16.3200000000000000000000000000000000000000000000000000000000], [1, 15.9100000000000000000000000000000000000000000000000000000000], [1, 15.5300000000000000000000000000000000000000000000000000000000], [1, 15.1700000000000000000000000000000000000000000000000000000000], [1, 14.8300000000000000000000000000000000000000000000000000000000], [1, 14.5000000000000000000000000000000000000000000000000000000000], [1, 14.1900000000000000000000000000000000000000000000000000000000], [1, 13.9000000000000000000000000000000000000000000000000000000000], [1, 13.6200000000000000000000000000000000000000000000000000000000], [1, 13.3500000000000000000000000000000000000000000000000000000000], [1, 13.0900000000000000000000000000000000000000000000000000000000], [1, 12.8500000000000000000000000000000000000000000000000000000000], [1, 12.6100000000000000000000000000000000000000000000000000000000], [1, 12.3900000000000000000000000000000000000000000000000000000000], [1, 12.1800000000000000000000000000000000000000000000000000000000], [1, 11.9700000000000000000000000000000000000000000000000000000000], [1, 11.7700000000000000000000000000000000000000000000000000000000], [1, 11.5800000000000000000000000000000000000000000000000000000000], [1, 11.4000000000000000000000000000000000000000000000000000000000], [1, 11.2300000000000000000000000000000000000000000000000000000000], [1, 11.0600000000000000000000000000000000000000000000000000000000], [1, 10.8900000000000000000000000000000000000000000000000000000000], [1, 10.7400000000000000000000000000000000000000000000000000000000], [1, 10.5800000000000000000000000000000000000000000000000000000000], [1, 10.4400000000000000000000000000000000000000000000000000000000], [1, 10.3000000000000000000000000000000000000000000000000000000000], [1, 10.1600000000000000000000000000000000000000000000000000000000], [1, 10.0300000000000000000000000000000000000000000000000000000000], [1, 9.90000000000000000000000000000000000000000000000000000000000], [1, 9.78000000000000000000000000000000000000000000000000000000000], [1, 9.66000000000000000000000000000000000000000000000000000000000], [1, 9.54000000000000000000000000000000000000000000000000000000000], [1, 9.43000000000000000000000000000000000000000000000000000000000], [1, 9.32000000000000000000000000000000000000000000000000000000000], [1, 9.22000000000000000000000000000000000000000000000000000000000], [1, 9.11000000000000000000000000000000000000000000000000000000000], [1, 9.01000000000000000000000000000000000000000000000000000000000], [1, 8.91000000000000000000000000000000000000000000000000000000000], [1, 8.82000000000000000000000000000000000000000000000000000000000], [1, 8.72000000000000000000000000000000000000000000000000000000000], [1, 8.63000000000000000000000000000000000000000000000000000000000], [1, 8.54000000000000000000000000000000000000000000000000000000000], [1, 8.45000000000000000000000000000000000000000000000000000000000], [1, 8.35000000000000000000000000000000000000000000000000000000000], [1, 8.26000000000000000000000000000000000000000000000000000000000], [1, 8.17000000000000000000000000000000000000000000000000000000000], [1, 8.08000000000000000000000000000000000000000000000000000000000], [1, 7.98000000000000000000000000000000000000000000000000000000000], [1, 7.89000000000000000000000000000000000000000000000000000000000], [1, 7.79000000000000000000000000000000000000000000000000000000000], [1, 7.69000000000000000000000000000000000000000000000000000000000], [1, 7.59000000000000000000000000000000000000000000000000000000000], [1, 7.49000000000000000000000000000000000000000000000000000000000], [1, 7.39000000000000000000000000000000000000000000000000000000000], [1, 7.29000000000000000000000000000000000000000000000000000000000], [1, 7.18000000000000000000000000000000000000000000000000000000000], [1, 7.07000000000000000000000000000000000000000000000000000000000], [1, 6.96000000000000000000000000000000000000000000000000000000000], [1, 6.85000000000000000000000000000000000000000000000000000000000], [1, 6.73000000000000000000000000000000000000000000000000000000000], [1, 6.61000000000000000000000000000000000000000000000000000000000], [1, 6.49000000000000000000000000000000000000000000000000000000000], [1, 6.36000000000000000000000000000000000000000000000000000000000], [1, 6.22000000000000000000000000000000000000000000000000000000000], [1, 6.08000000000000000000000000000000000000000000000000000000000], [17, 6.00000000000000000000000000000000000000000000000000000000000], [1, 6.00000000000000000000000000000000000000000000000000000000000], [1, 5.85000000000000000000000000000000000000000000000000000000000], [1, 5.72000000000000000000000000000000000000000000000000000000000], [1, 5.60000000000000000000000000000000000000000000000000000000000], [1, 5.49000000000000000000000000000000000000000000000000000000000], [1, 5.39000000000000000000000000000000000000000000000000000000000], [1, 5.29000000000000000000000000000000000000000000000000000000000], [1, 5.19000000000000000000000000000000000000000000000000000000000], [1, 5.10000000000000000000000000000000000000000000000000000000000], [1, 5.02000000000000000000000000000000000000000000000000000000000], [1, 4.93000000000000000000000000000000000000000000000000000000000], [1, 4.85000000000000000000000000000000000000000000000000000000000], [1, 4.77000000000000000000000000000000000000000000000000000000000], [1, 4.69000000000000000000000000000000000000000000000000000000000], [1, 4.61000000000000000000000000000000000000000000000000000000000], [1, 4.52000000000000000000000000000000000000000000000000000000000], [1, 4.44000000000000000000000000000000000000000000000000000000000], [1, 4.36000000000000000000000000000000000000000000000000000000000], [1, 4.27000000000000000000000000000000000000000000000000000000000], [1, 4.18000000000000000000000000000000000000000000000000000000000], [19, 4.12000000000000000000000000000000000000000000000000000000000], [1, 4.07000000000000000000000000000000000000000000000000000000000]] (total 189); roots with |1+x| >= 4: 106, |1+x| min 4.11000000000000000000000000000000000000000000000000000000000 median 12.0200000000000000000000000000000000000000000000000000000000 max 19.7000000000000000000000000000000000000000000000000000000000
