(m,n)=(3,4) b=[-3/7, 5/7, -1] c=[2/5, -1, 8/5, -11/5]: orders [0, 1, 1, 2, 2, 3, 5, 6, 6, 7, 9, 11] (sum 53); cheapest costs [0, 1, 1, 2, 2, 3, 5, 6, 6, 7, 8, 9] (sum 50)
  max poles (5, 7)
   x=0: [1, 2, 3, 4, 5, 6, 6, 7]
   x=1: [2, 3, 4, 5, 6, 7, 7, 8]
   x=2: [3, 4, 5, 6, 7, 8, 8, 9]
   x=3: [4, 5, 6, 7, 8, 9, 9, 10]
   x=4: [5, 6, 7, 8, 9, 10, 10, 11]
   x=5: [6, 7, 8, 9, 10, 11, 11, 12]
(m,n)=(3,4) b=[2/3, -5/4, 7/9] c=[3/7, -2/5, 11/6, -1/8]: orders [0, 1, 1, 2, 2, 3, 5, 6, 6, 7, 9, 10] (sum 52); cheapest costs [0, 1, 1, 2, 2, 3, 5, 6, 6, 7, 8, 9] (sum 50)
  max poles (5, 6)
   x=0: [1, 2, 3, 4, 5, 6, 7]
   x=1: [2, 3, 4, 5, 6, 7, 8]
   x=2: [3, 4, 5, 6, 7, 8, 9]
   x=3: [4, 5, 6, 7, 8, 9, 10]
   x=4: [5, 6, 7, 8, 9, 10, 11]
   x=5: [6, 7, 8, 9, 10, 11, 12]
(m,n)=(3,4) b=[-7/11, 3/13, 5/2] c=[9/7, -4/3, 1/10, 13/5]: orders [0, 1, 1, 2, 2, 3, 5, 6, 6, 7, 9, 10] (sum 52); cheapest costs [0, 1, 1, 2, 2, 3, 5, 6, 6, 7, 8, 9] (sum 50)
  max poles (5, 6)
   x=0: [1, 2, 3, 4, 5, 6, 7]
   x=1: [2, 3, 4, 5, 6, 7, 8]
   x=2: [3, 4, 5, 6, 7, 8, 9]
   x=3: [4, 5, 6, 7, 8, 9, 10]
   x=4: [5, 6, 7, 8, 9, 10, 11]
   x=5: [6, 7, 8, 9, 10, 11, 12]
(m,n)=(3,4) b=[1/2, -3, 17/7] c=[-5/6, 2/9, 7/4, -3/11]: orders [0, 1, 1, 2, 2, 3, 5, 6, 6, 7, 9, 10] (sum 52); cheapest costs [0, 1, 1, 2, 2, 3, 5, 6, 6, 7, 8, 9] (sum 50)
  max poles (5, 6)
   x=0: [1, 2, 3, 4, 5, 6, 7]
   x=1: [2, 3, 4, 5, 6, 7, 8]
   x=2: [3, 4, 5, 6, 7, 8, 9]
   x=3: [4, 5, 6, 7, 8, 9, 10]
   x=4: [5, 6, 7, 8, 9, 10, 11]
   x=5: [6, 7, 8, 9, 10, 11, 12]
