1 0 [1] True [1, 61, 1531, 19682] [0, 0, 0, 0]
1 1 [8] True [1, 61, 1531, 19682] [0, 0, 0, 0]
1 2 [4] True [1, 61, 1531, 19682] [0, 0, 0, 0]
2 0 [4, 6] True [1, 61, 1531, 19682] [0, 0, 0, 0]
2 1 [4, 5] True [1, 61, 1531, 19682] [0, 0, 0, 0]
2 2 [0, 8] True [1, 61, 1531, 19682] [0, 0, 0, 0]
3 0 [1, 2, 6] True [1, 61, 1531, 19682] [0, 0, 0, 0]
3 1 [0, 4, 5] True [1, 61, 1531, 19682] [0, 0, 0, 0]
3 2 [0, 3, 8] True [1, 61, 1531, 19682] [0, 0, 0, 0]
5 0 [1, 2, 3, 6, 7] True [1, 61, 1531, 19682] [0, 0, 0, 0]
5 1 [0, 3, 5, 7, 8] True [1, 61, 1531, 19682] [0, 0, 0, 0]
5 2 [0, 3, 6, 7, 8] True [1, 61, 1531, 19682] [0, 0, 0, 0]
9 0 [0, 1, 2, 3, 4, 5, 6, 7, 8] True [1, 61, 1531, 19682] [0, 0, 0, 0]
9 1 [0, 1, 2, 3, 4, 5, 6, 7, 8] True [1, 61, 1531, 19682] [0, 0, 0, 0]
9 2 [0, 1, 2, 3, 4, 5, 6, 7, 8] True [1, 61, 1531, 19682] [0, 0, 0, 0]
