M=3 N=5 b=[1, 2, -3] eps=1/1000 nonbranch degree=30 squarefree=1
  scale exponents alpha = log|T|/log(1/eps), sorted: -2.563 -0.021 -0.021 0.371 0.371 0.373 0.373 0.386 0.386 0.422 0.623 0.642 0.642 0.665 0.665 0.691 0.691 0.719 0.719 0.814 0.814 0.881 0.881 0.939 0.939 0.943 1.025 1.025 1.033 1.164
  counts: alpha<0.25: 3  0.25<=alpha<=0.75: 16  alpha>0.75: 11
  neck points (log|T|, arg/(pi/3)): (2.5645, -2.5200) (2.5645, 2.5200) (2.5795, -1.5659) (2.5795, 1.5659) (2.6669, -0.6351) (2.6669, 0.6351) (2.9173, 0.0000) (4.3025, 3.0000) (4.4317, -2.3192) (4.4317, 2.3192) (4.5962, -1.4940) (4.5962, 1.4940) (4.7728, -0.4529) (4.7728, 0.4529) (4.9670, -0.5267) (4.9670, 0.5267)
M=3 N=5 b=[1, 2, -3] eps=1/100000 nonbranch degree=30 squarefree=1
  scale exponents alpha = log|T|/log(1/eps), sorted: -2.738 -0.012 -0.012 0.361 0.361 0.361 0.361 0.361 0.361 0.635 0.668 0.669 0.669 0.676 0.676 0.704 0.704 0.838 0.838 0.889 0.889 0.928 0.928 0.963 0.963 0.966 1.015 1.015 1.020 1.098
  counts: alpha<0.25: 3  0.25<=alpha<=0.75: 14  alpha>0.75: 13
  neck points (log|T|, arg/(pi/3)): (4.1535, -2.5021) (4.1535, 2.5021) (4.1572, -1.5043) (4.1614, -0.5022) (4.1614, 0.5022) (4.1572, 1.5043) (7.3094, 0.0000) (7.7015, -0.7136) (7.7015, 0.7136) (7.6964, 3.0000) (7.7880, -2.0689) (7.7880, 2.0689) (8.1033, -1.4455) (8.1033, 1.4455)
M=3 N=5 b=[1, 2, -3] eps=1/10000000000 nonbranch degree=30 squarefree=1
  scale exponents alpha = log|T|/log(1/eps), sorted: -2.869 -0.006 -0.006 0.347 0.347 0.347 0.347 0.347 0.347 0.667 0.667 0.667 0.668 0.668 0.668 0.848 0.848 0.919 0.919 0.944 0.944 0.964 0.964 0.982 0.982 0.983 1.008 1.008 1.010 1.049
  counts: alpha<0.25: 3  0.25<=alpha<=0.75: 12  alpha>0.75: 15
  neck points (log|T|, arg/(pi/3)): (7.9950, -2.5000) (7.9950, -1.5000) (7.9950, -0.5000) (7.9950, 0.5000) (7.9950, 1.5000) (7.9950, 2.5000) (15.3712, -1.9973) (15.3678, -0.9972) (15.3660, 0.0000) (15.3678, 0.9972) (15.3712, 1.9973) (15.3727, 3.0000)
