GF(2^3) S=[0, 1, 2, 3] L-coeffs=[6, 7, 1] (not a scaled subfield) n=1: 0 1 2 3 4 5 6 7 8 9 10 11 12 13 14 15 16 17 18 19 20 21 22 23 24 25 26 27 28 29 30 31 32 33
GF(2^3) S=[0, 1, 2, 3] L-coeffs=[6, 7, 1] (not a scaled subfield) n=2: 0 1 1 2 2 3 3 4 2 3 3 4 4 5 5 6 4 5 5 6 6 7 7 8 6 7 7 8 8 9 9 10 8 9
GF(2^3) S=[0, 1, 2, 3] L-coeffs=[6, 7, 1] (not a scaled subfield) n=3: 0 1 1 2 2 3 3 4 1 2 2 3 3 4 4 5 [1, 2] [2, 3] [2, 3] [3, 4] [3, 4] [4, 5] [4, 5] [5, 6] 3 4 4 5 5 6 6 7 2 3
GF(2^4) S=[0, 1, 2, 3] L-coeffs=[6, 7, 1] (not a scaled subfield) n=1: 0 1 2 3 4 5 6 7 8 9 10 11 12 13 14 15 16 17 18 19 20 21 22 23 24 25 26 27 28 29 30 31 32 33
GF(2^4) S=[0, 1, 2, 3] L-coeffs=[6, 7, 1] (not a scaled subfield) n=2: 0 1 1 2 2 3 3 4 2 3 3 4 4 5 5 6 4 5 5 6 6 7 7 8 6 7 7 8 8 9 9 10 8 9
GF(2^4) S=[0, 1, 2, 3, 4, 5, 6, 7] L-coeffs=[1, 1, 1, 1] (not a scaled subfield) n=1: 0 1 2 3 4 5 6 7 8 9 10 11 12 13 14 15 16 17 18 19 20 21 22 23 24 25 26 27 28 29 30 31 32 33 34 35 36 37 38 39
GF(2^4) S=[0, 1, 2, 3, 4, 5, 6, 7] L-coeffs=[1, 1, 1, 1] (not a scaled subfield) n=2: 0 1 1 2 2 3 3 4 4 5 5 6 6 7 7 8 2 3 3 4 4 5 5 6 6 7 7 8 8 9 9 10 4 5 5 6 6 7 7 8
GF(2^4) S=[0, 1, 6, 7] L-coeffs=[1, 0, 1] (scaled subfield) n=1: 0 1 2 3 4 5 6 7 8 9 10 11 12 13 14 15 16 17 18 19 20 21 22 23 24 25 26 27 28 29 30 31 32 33
GF(2^4) S=[0, 1, 6, 7] L-coeffs=[1, 0, 1] (scaled subfield) n=2: 0 1 2 3 1 2 3 4 2 3 4 5 3 4 5 6 4 5 6 7 5 6 7 8 6 7 8 9 7 8 9 10 8 9
GF(2^5) S=[0, 1, 2, 3] L-coeffs=[6, 7, 1] (not a scaled subfield) n=1: 0 1 2 3 4 5 6 7 8 9 10 11 12 13 14 15 16 17 18 19 20 21 22 23 24 25 26 27 28 29 30 31 32 33
GF(2^5) S=[0, 1, 2, 3] L-coeffs=[6, 7, 1] (not a scaled subfield) n=2: 0 1 1 2 2 3 3 4 2 3 3 4 4 5 5 6 4 5 5 6 6 7 7 8 6 7 7 8 8 9 9 10 8 9
GF(2^6) S=[0, 1, 2, 3] L-coeffs=[6, 7, 1] (not a scaled subfield) n=1: 0 1 2 3 4 5 6 7 8 9 10 11 12 13 14 15 16 17 18 19 20 21 22 23 24 25 26 27 28 29 30 31 32 33 34 35 36 37 38 39
GF(2^6) S=[0, 1, 2, 3] L-coeffs=[6, 7, 1] (not a scaled subfield) n=2: 0 1 1 2 2 3 3 4 2 3 3 4 4 5 5 6 4 5 5 6 6 7 7 8 6 7 7 8 8 9 9 10 8 9 9 10 10 11 11 12
GF(2^6) S=[0, 1, 6, 7] L-coeffs=[18, 19, 1] (not a scaled subfield) n=1: 0 1 2 3 4 5 6 7 8 9 10 11 12 13 14 15 16 17 18 19 20 21 22 23 24 25 26 27 28 29 30 31 32 33 34 35 36 37 38 39
GF(2^6) S=[0, 1, 6, 7] L-coeffs=[18, 19, 1] (not a scaled subfield) n=2: 0 1 1 2 2 3 3 4 2 3 3 4 4 5 5 6 4 5 5 6 6 7 7 8 6 7 7 8 8 9 9 10 8 9 9 10 10 11 11 12
GF(2^6) S=[0, 1, 14, 15] L-coeffs=[25, 24, 1] (not a scaled subfield) n=1: 0 1 2 3 4 5 6 7 8 9 10 11 12 13 14 15 16 17 18 19 20 21 22 23 24 25 26 27 28 29 30 31 32 33 34 35 36 37 38 39
GF(2^6) S=[0, 1, 14, 15] L-coeffs=[25, 24, 1] (not a scaled subfield) n=2: 0 1 1 2 2 3 3 4 2 3 3 4 4 5 5 6 4 5 5 6 6 7 7 8 6 7 7 8 8 9 9 10 8 9 9 10 10 11 11 12
GF(2^7) S=[0, 1, 2, 3, 4, 5, 6, 7] L-coeffs=[98, 24, 123, 1] (not a scaled subfield) n=1: 0 1 2 3 4 5 6 7 8 9 10 11 12 13 14 15 16 17 18 19 20 21 22 23 24 25 26 27 28 29 30 31 32 33 34 35 36 37 38 39
GF(2^7) S=[0, 1, 2, 3, 4, 5, 6, 7] L-coeffs=[98, 24, 123, 1] (not a scaled subfield) n=2: 0 1 1 2 2 3 3 4 2 3 3 4 4 5 5 6 [2, 4] [3, 5] [3, 5] [4, 6] [4, 6] [5, 7] [5, 7] [6, 8] 6 7 7 8 8 9 9 10 4 5 5 6 6 7 7 8
GF(2^7) S=[0, 1, 2, 3, 8, 9, 10, 11] L-coeffs=[126, 127, 0, 1] (not a scaled subfield) n=1: 0 1 2 3 4 5 6 7 8 9 10 11 12 13 14 15 16 17 18 19 20 21 22 23 24 25 26 27 28 29 30 31 32 33 34 35 36 37 38 39
GF(2^7) S=[0, 1, 2, 3, 8, 9, 10, 11] L-coeffs=[126, 127, 0, 1] (not a scaled subfield) n=2: 0 1 1 2 2 3 3 4 2 3 3 4 4 5 5 6 [2, 4] [3, 5] [3, 5] [4, 6] [4, 6] [5, 7] [5, 7] [6, 8] 6 7 7 8 8 9 9 10 4 5 5 6 6 7 7 8
GF(2^7) S=[0, 1, 24, 25, 98, 99, 122, 123] L-coeffs=[35, 0, 34, 1] (not a scaled subfield) n=1: 0 1 2 3 4 5 6 7 8 9 10 11 12 13 14 15 16 17 18 19 20 21 22 23 24 25 26 27 28 29 30 31 32 33 34 35 36 37 38 39
GF(2^7) S=[0, 1, 24, 25, 98, 99, 122, 123] L-coeffs=[35, 0, 34, 1] (not a scaled subfield) n=2: 0 1 2 3 1 2 3 4 [1, 2] [2, 3] [3, 4] [4, 5] 3 4 5 6 [2, 4] [3, 5] [4, 6] [5, 7] [3, 5] [4, 6] [5, 7] [6, 8] [3, 6] [4, 7] [5, 8] [6, 9] 7 8 9 10 4 5 6 7 5 6 7 8
