466 243 1560
7 1 27
27
-4
1
135
205
11 1 27
27
4
1
135
38
13 1 27
27
4
1
135
38
14 1 27
27
-4
1
135
205
15 1 27
27
4
1
135
38
19 1 9
27
-8
1
216
125
21 1 9
27
8
1
216
118
22 1 27
27
4
1
135
38
23 1 27
27
-4
1
135
205
25 1 9
27
8
1
216
118
26 1 27
27
4
1
135
38
27 1 27
27
4
1
135
38
28 1 27
27
-4
1
135
205
29 1 27
27
-4
1
135
205
30 1 27
27
4
1
135
38
31 2 81
729
108
22
4
1
0
0
225
19
35 1 27
27
4
1
135
38
37 1 27
27
-4
1
135
205
38 1 9
27
-8
1
216
125
39 1 9
27
8
1
216
118
41 1 27
27
4
1
135
38
42 1 9
27
8
1
216
118
43 1 9
27
8
1
216
118
44 1 27
27
4
1
135
38
45 1 27
27
-4
1
135
205
46 1 27
27
-4
1
135
205
47 2 3
729
0
-26
0
1
0
0
134
0
49 1 27
27
4
1
135
38
50 1 9
27
8
1
216
118
51 1 27
27
4
1
135
38
52 1 27
27
4
1
135
38
53 1 9
27
8
1
216
118
54 1 27
27
4
1
135
38
55 2 9
729
-216
54
-8
1
0
216
216
161
56 1 27
27
-4
1
135
205
57 1 9
27
8
1
216
118
58 1 27
27
-4
1
135
205
59 2 27
729
0
22
0
1
0
0
20
0
60 1 27
27
4
1
135
38
61 2 27
729
0
38
0
1
0
0
112
0
62 2 81
729
108
22
4
1
0
0
225
19
63 2 27
729
0
38
0
1
0
0
112
0
67 1 27
27
4
1
135
38
69 1 27
27
-4
1
135
205
70 1 27
27
4
1
135
38
71 1 27
27
4
1
135
38
73 1 27
27
-4
1
135
205
74 1 27
27
-4
1
135
205
75 1 27
27
4
1
135
38
76 1 9
27
-8
1
216
125
77 1 9
27
8
1
216
118
78 1 9
27
8
1
216
118
79 2 81
729
108
22
4
1
0
0
225
19
81 1 27
27
4
1
135
38
82 1 27
27
4
1
135
38
83 1 1
27
0
1
0
0
84 1 9
27
8
1
216
118
85 1 27
27
-4
1
135
205
86 1 9
27
8
1
216
118
87 2 27
729
-108
38
-4
1
0
54
215
134
88 1 27
27
4
1
135
38
89 1 9
27
8
1
216
118
90 1 27
27
-4
1
135
205
91 2 27
729
216
38
8
1
0
216
191
56
92 1 27
27
-4
1
135
205
93 2 27
729
0
22
0
1
0
0
20
0
94 2 3
729
0
-26
0
1
0
0
134
0
95 2 27
729
108
38
4
1
0
189
215
109
97 1 27
27
-4
1
135
205
98 1 27
27
4
1
135
38
99 1 27
27
-4
1
135
205
100 1 9
27
8
1
216
118
101 1 1
27
0
1
0
0
102 1 27
27
4
1
135
38
103 2 27
729
216
38
8
1
0
216
191
56
104 1 27
27
4
1
135
38
105 1 27
27
4
1
135
38
106 1 9
27
8
1
216
118
107 2 81
729
-108
22
-4
1
0
0
225
224
108 1 27
27
4
1
135
38
109 2 27
729
216
38
8
1
0
216
191
56
110 2 9
729
-216
54
-8
1
0
216
216
161
111 2 9
729
0
-10
0
1
0
0
46
0
112 1 27
27
-4
1
135
205
113 1 27
27
4
1
135
38
114 1 9
27
8
1
216
118
115 2 27
729
216
38
8
1
0
216
191
56
116 1 27
27
-4
1
135
205
117 2 27
729
-108
38
-4
1
0
54
215
134
118 2 27
729
0
22
0
1
0
0
20
0
119 2 9
729
0
-10
0
1
0
0
46
0
120 1 27
27
4
1
135
38
121 2 81
729
-108
22
-4
1
0
0
225
224
122 2 27
729
0
38
0
1
0
0
112
0
123 2 9
729
0
-10
0
1
0
0
46
0
124 2 81
729
108
22
4
1
0
0
225
19
125 2 27
729
108
38
4
1
0
189
215
109
126 2 27
729
0
38
0
1
0
0
112
0
127 3 27
19683
0
27
-128
1
0
1
0
0
189
112
223
224
131 1 9
27
8
1
216
118
133 1 1
27
0
1
0
0
134 1 27
27
4
1
135
38
135 1 27
27
4
1
135
38
137 1 27
27
4
1
135
38
138 1 27
27
-4
1
135
205
139 1 9
27
8
1
216
118
140 1 27
27
4
1
135
38
141 1 9
27
-8
1
216
125
142 1 27
27
4
1
135
38
143 2 27
729
216
38
8
1
0
216
191
56
145 1 27
27
4
1
135
38
146 1 27
27
-4
1
135
205
147 1 27
27
-4
1
135
205
148 1 27
27
-4
1
135
205
149 1 27
27
4
1
135
38
150 1 27
27
4
1
135
38
151 2 27
729
216
38
8
1
0
216
191
56
152 1 9
27
-8
1
216
125
153 1 27
27
4
1
135
38
154 1 9
27
8
1
216
118
155 2 9
729
-216
54
-8
1
0
216
216
161
156 1 9
27
8
1
216
118
157 2 9
729
0
-10
0
1
0
0
46
0
158 2 81
729
108
22
4
1
0
0
225
19
159 2 3
729
0
-26
0
1
0
0
134
0
161 1 9
27
-8
1
216
125
162 1 27
27
4
1
135
38
163 1 27
27
4
1
135
38
164 1 27
27
4
1
135
38
165 1 27
27
4
1
135
38
166 1 1
27
0
1
0
0
167 2 9
729
0
-10
0
1
0
0
46
0
168 1 9
27
8
1
216
118
169 1 27
27
4
1
135
38
170 1 27
27
-4
1
135
205
171 2 27
729
0
22
0
1
0
0
20
0
172 1 9
27
8
1
216
118
173 2 27
729
-108
38
-4
1
0
54
215
134
174 2 27
729
-108
38
-4
1
0
54
215
134
175 2 9
729
0
-10
0
1
0
0
46
0
176 1 27
27
4
1
135
38
177 1 9
27
-8
1
216
125
178 1 9
27
8
1
216
118
179 2 27
729
0
22
0
1
0
0
20
0
180 1 27
27
-4
1
135
205
181 2 27
729
108
38
4
1
0
189
215
109
182 2 27
729
216
38
8
1
0
216
191
56
183 2 27
729
108
38
4
1
0
189
215
109
184 1 27
27
-4
1
135
205
185 2 27
729
0
22
0
1
0
0
20
0
186 2 27
729
0
22
0
1
0
0
20
0
187 2 27
729
0
22
0
1
0
0
20
0
188 2 3
729
0
-26
0
1
0
0
134
0
189 2 81
729
432
118
16
1
0
0
63
181
190 2 27
729
108
38
4
1
0
189
215
109
191 3 81
19683
0
-405
64
-15
0
1
0
0
162
161
90
189
193 1 9
27
8
1
216
118
194 1 27
27
-4
1
135
205
195 1 27
27
-4
1
135
205
196 1 27
27
4
1
135
38
197 1 27
27
4
1
135
38
198 1 27
27
-4
1
135
205
199 2 9
729
-108
-10
-4
1
0
135
152
41
200 1 9
27
8
1
216
118
201 1 27
27
-4
1
135
205
202 1 1
27
0
1
0
0
203 2 27
729
-108
38
-4
1
0
54
215
134
204 1 27
27
4
1
135
38
205 2 9
729
0
-10
0
1
0
0
46
0
206 2 27
729
216
38
8
1
0
216
191
56
207 2 27
729
108
38
4
1
0
189
215
109
208 1 27
27
4
1
135
38
209 1 9
27
8
1
216
118
210 1 27
27
4
1
135
38
211 2 27
729
-108
38
-4
1
0
54
215
134
212 1 9
27
8
1
216
118
213 2 9
729
0
-10
0
1
0
0
46
0
214 2 81
729
-108
22
-4
1
0
0
225
224
215 2 27
729
216
38
8
1
0
216
191
56
216 1 27
27
4
1
135
38
217 2 27
729
0
22
0
1
0
0
20
0
218 2 27
729
216
38
8
1
0
216
191
56
219 2 9
729
0
-10
0
1
0
0
46
0
220 2 9
729
-216
54
-8
1
0
216
216
161
221 2 27
729
0
22
0
1
0
0
20
0
222 2 9
729
0
-10
0
1
0
0
46
0
223 3 27
19683
2916
1323
152
49
4
1
0
0
216
151
192
146
224 1 27
27
-4
1
135
205
225 1 27
27
4
1
135
38
226 1 27
27
4
1
135
38
227 2 81
729
108
22
4
1
0
0
225
19
228 1 9
27
8
1
216
118
229 2 9
729
0
-10
0
1
0
0
46
0
230 2 27
729
216
38
8
1
0
216
191
56
231 2 27
729
0
38
0
1
0
0
112
0
232 1 27
27
-4
1
135
205
233 2 3
729
0
-26
0
1
0
0
134
0
234 2 27
729
-108
38
-4
1
0
54
215
134
235 2 27
729
216
38
8
1
0
216
191
56
236 2 27
729
0
22
0
1
0
0
20
0
237 2 27
729
108
38
4
1
0
189
215
109
238 2 9
729
0
-10
0
1
0
0
46
0
239 3 27
19683
2916
459
88
17
4
1
0
0
54
229
137
126
240 1 27
27
4
1
135
38
241 2 27
729
0
38
0
1
0
0
112
0
242 2 81
729
-108
22
-4
1
0
0
225
224
243 2 27
729
108
38
4
1
0
189
215
109
244 2 27
729
0
38
0
1
0
0
112
0
245 2 9
729
0
-10
0
1
0
0
46
0
246 2 9
729
0
-10
0
1
0
0
46
0
247 3 81
19683
-2916
459
40
17
-4
1
0
0
108
209
91
52
248 2 81
729
108
22
4
1
0
0
225
19
249 2 3
729
0
-26
0
1
0
0
134
0
250 2 27
729
108
38
4
1
0
189
215
109
251 3 27
19683
2916
459
152
17
4
1
0
0
27
181
181
14
252 2 27
729
0
38
0
1
0
0
112
0
253 3 27
19683
5832
459
-16
17
8
1
0
0
135
107
197
66
254 3 27
19683
0
27
-128
1
0
1
0
0
189
112
223
224
255 3 27
19683
-2916
27
104
1
-4
1
0
0
162
30
55
111
259 1 27
27
-4
1
135
205
261 1 9
27
-8
1
216
125
262 1 9
27
8
1
216
118
263 1 27
27
4
1
135
38
265 1 9
27
8
1
216
118
266 1 1
27
0
1
0
0
267 1 27
27
4
1
135
38
268 1 27
27
4
1
135
38
269 1 27
27
4
1
135
38
270 1 27
27
4
1
135
38
271 2 27
729
-216
38
-8
1
0
27
191
187
273 1 27
27
-4
1
135
205
274 1 27
27
4
1
135
38
275 1 9
27
8
1
216
118
276 1 27
27
-4
1
135
205
277 1 27
27
4
1
135
38
278 1 9
27
8
1
216
118
279 2 9
729
216
54
8
1
0
27
216
82
280 1 27
27
4
1
135
38
281 1 27
27
-4
1
135
205
282 1 9
27
-8
1
216
125
283 2 9
729
0
-10
0
1
0
0
46
0
284 1 27
27
4
1
135
38
285 2 3
729
0
-26
0
1
0
0
134
0
286 2 27
729
216
38
8
1
0
216
191
56
287 2 81
729
108
22
4
1
0
0
225
19
289 1 9
27
8
1
216
118
290 1 27
27
4
1
135
38
291 1 9
27
8
1
216
118
292 1 27
27
-4
1
135
205
293 1 27
27
4
1
135
38
294 1 27
27
-4
1
135
205
295 2 9
729
216
54
8
1
0
27
216
82
296 1 27
27
-4
1
135
205
297 1 27
27
-4
1
135
205
298 1 27
27
4
1
135
38
299 2 9
729
0
-10
0
1
0
0
46
0
300 1 27
27
4
1
135
38
301 2 81
729
108
22
4
1
0
0
225
19
302 2 27
729
216
38
8
1
0
216
191
56
303 2 81
729
-108
22
-4
1
0
0
225
224
304 1 9
27
-8
1
216
125
305 1 27
27
-4
1
135
205
306 1 27
27
4
1
135
38
307 2 9
729
-216
54
-8
1
0
216
216
161
308 1 9
27
8
1
216
118
309 2 9
729
216
54
8
1
0
27
216
82
310 2 9
729
-216
54
-8
1
0
216
216
161
311 2 9
729
216
54
8
1
0
27
216
82
312 1 9
27
8
1
216
118
313 2 27
729
0
22
0
1
0
0
20
0
314 2 9
729
0
-10
0
1
0
0
46
0
315 2 27
729
0
22
0
1
0
0
20
0
316 2 81
729
108
22
4
1
0
0
225
19
317 2 27
729
0
38
0
1
0
0
112
0
318 2 3
729
0
-26
0
1
0
0
134
0
319 3 9
19683
2916
459
216
17
4
1
0
0
216
108
89
36
321 1 1
27
0
1
0
0
322 1 9
27
-8
1
216
125
323 1 27
27
4
1
135
38
324 1 27
27
4
1
135
38
325 1 27
27
4
1
135
38
326 1 27
27
4
1
135
38
327 2 27
729
216
38
8
1
0
216
191
56
328 1 27
27
4
1
135
38
329 1 27
27
4
1
135
38
330 1 27
27
4
1
135
38
331 2 27
729
0
38
0
1
0
0
112
0
332 1 1
27
0
1
0
0
333 2 9
729
0
-10
0
1
0
0
46
0
334 2 9
729
0
-10
0
1
0
0
46
0
335 2 9
729
108
-10
4
1
0
108
152
202
336 1 9
27
8
1
216
118
337 1 27
27
4
1
135
38
338 1 27
27
4
1
135
38
339 2 9
729
0
-10
0
1
0
0
46
0
340 1 27
27
-4
1
135
205
341 2 27
729
108
38
4
1
0
189
215
109
342 2 27
729
0
22
0
1
0
0
20
0
343 2 27
729
-216
38
-8
1
0
27
191
187
344 1 9
27
8
1
216
118
345 2 9
729
0
-10
0
1
0
0
46
0
346 2 27
729
-108
38
-4
1
0
54
215
134
347 2 27
729
-108
38
-4
1
0
54
215
134
348 2 27
729
-108
38
-4
1
0
54
215
134
349 2 27
729
216
38
8
1
0
216
191
56
350 2 9
729
0
-10
0
1
0
0
46
0
351 3 27
19683
2916
459
88
17
4
1
0
0
54
229
137
126
352 1 27
27
4
1
135
38
353 1 27
27
4
1
135
38
354 1 9
27
-8
1
216
125
355 2 27
729
108
38
4
1
0
189
215
109
356 1 9
27
8
1
216
118
357 2 9
729
0
-10
0
1
0
0
46
0
358 2 27
729
0
22
0
1
0
0
20
0
359 2 27
729
-108
38
-4
1
0
54
215
134
360 1 27
27
-4
1
135
205
361 2 9
729
-108
-10
-4
1
0
135
152
41
362 2 27
729
108
38
4
1
0
189
215
109
363 2 3
729
0
-26
0
1
0
0
134
0
364 2 27
729
216
38
8
1
0
216
191
56
365 2 27
729
0
38
0
1
0
0
112
0
366 2 27
729
108
38
4
1
0
189
215
109
367 3 27
19683
0
27
256
1
0
1
0
0
189
28
202
206
368 1 27
27
-4
1
135
205
369 2 27
729
216
38
8
1
0
216
191
56
370 2 27
729
0
22
0
1
0
0
20
0
371 2 27
729
108
38
4
1
0
189
215
109
372 2 27
729
0
22
0
1
0
0
20
0
373 2 27
729
216
38
8
1
0
216
191
56
374 2 27
729
0
22
0
1
0
0
20
0
375 3 3
19683
0
27
0
1
0
1
0
0
27
0
163
0
376 2 3
729
0
-26
0
1
0
0
134
0
377 2 27
729
0
38
0
1
0
0
112
0
378 2 81
729
432
118
16
1
0
0
63
181
379 3 27
19683
0
459
-64
17
0
1
0
0
0
108
242
163
380 2 27
729
108
38
4
1
0
189
215
109
381 3 27
19683
-5832
891
-112
33
-8
1
0
0
81
136
127
166
382 3 81
19683
0
-405
64
-15
0
1
0
0
162
161
90
189
383 3 27
19683
2916
459
152
17
4
1
0
0
27
181
181
14
385 1 27
27
4
1
135
38
386 1 9
27
8
1
216
118
387 1 27
27
-4
1
135
205
388 1 27
27
-4
1
135
205
389 1 27
27
4
1
135
38
390 1 27
27
-4
1
135
205
391 2 27
729
108
38
4
1
0
189
215
109
392 1 27
27
4
1
135
38
393 1 9
27
8
1
216
118
394 1 27
27
4
1
135
38
395 2 9
729
0
-10
0
1
0
0
46
0
396 1 27
27
-4
1
135
205
397 2 27
729
-108
38
-4
1
0
54
215
134
398 2 9
729
-108
-10
-4
1
0
135
152
41
399 2 81
729
108
22
4
1
0
0
225
19
400 1 9
27
8
1
216
118
401 1 9
27
8
1
216
118
402 1 27
27
-4
1
135
205
403 2 27
729
0
22
0
1
0
0
20
0
404 1 1
27
0
1
0
0
405 2 9
729
0
-10
0
1
0
0
46
0
406 2 27
729
-108
38
-4
1
0
54
215
134
407 2 27
729
216
38
8
1
0
216
191
56
408 1 27
27
4
1
135
38
409 2 27
729
0
22
0
1
0
0
20
0
410 2 9
729
0
-10
0
1
0
0
46
0
411 2 27
729
0
22
0
1
0
0
20
0
412 2 27
729
216
38
8
1
0
216
191
56
413 2 27
729
108
38
4
1
0
189
215
109
414 2 27
729
108
38
4
1
0
189
215
109
415 3 27
19683
-2916
1323
-152
49
-4
1
0
0
216
92
192
97
416 1 27
27
4
1
135
38
417 1 27
27
4
1
135
38
418 1 9
27
8
1
216
118
419 2 27
729
0
22
0
1
0
0
20
0
420 1 27
27
4
1
135
38
421 2 27
729
216
38
8
1
0
216
191
56
422 2 27
729
-108
38
-4
1
0
54
215
134
423 2 27
729
-216
38
-8
1
0
27
191
187
424 1 9
27
8
1
216
118
425 2 27
729
0
22
0
1
0
0
20
0
426 2 9
729
0
-10
0
1
0
0
46
0
427 2 9
729
216
54
8
1
0
27
216
82
428 2 81
729
-108
22
-4
1
0
0
225
224
429 2 3
729
0
-26
0
1
0
0
134
0
430 2 27
729
216
38
8
1
0
216
191
56
431 3 27
19683
-2916
1323
-152
49
-4
1
0
0
216
92
192
97
432 1 27
27
4
1
135
38
433 2 27
729
0
22
0
1
0
0
20
0
434 2 27
729
0
22
0
1
0
0
20
0
435 2 27
729
0
22
0
1
0
0
20
0
436 2 27
729
216
38
8
1
0
216
191
56
437 2 27
729
-108
38
-4
1
0
54
215
134
438 2 9
729
0
-10
0
1
0
0
46
0
439 3 3
19683
0
27
0
1
0
1
0
0
27
0
163
0
440 2 9
729
-216
54
-8
1
0
216
216
161
441 2 27
729
0
22
0
1
0
0
20
0
442 2 27
729
0
22
0
1
0
0
20
0
443 3 81
19683
8748
3483
712
129
12
1
0
0
162
215
90
117
444 2 9
729
0
-10
0
1
0
0
46
0
445 3 81
19683
0
-405
-64
-15
0
1
0
0
162
82
90
54
446 3 27
19683
2916
1323
152
49
4
1
0
0
216
151
192
146
447 3 81
19683
0
-405
-64
-15
0
1
0
0
162
82
90
54
448 1 27
27
-4
1
135
205
449 1 27
27
4
1
135
38
450 1 27
27
4
1
135
38
451 2 27
729
108
38
4
1
0
189
215
109
452 1 27
27
4
1
135
38
453 2 27
729
0
38
0
1
0
0
112
0
454 2 81
729
108
22
4
1
0
0
225
19
455 2 81
729
216
70
8
1
0
0
90
8
456 1 9
27
8
1
216
118
457 2 9
729
0
-10
0
1
0
0
46
0
458 2 9
729
0
-10
0
1
0
0
46
0
459 2 27
729
-216
38
-8
1
0
27
191
187
460 2 27
729
216
38
8
1
0
216
191
56
461 2 27
729
-108
38
-4
1
0
54
215
134
462 2 27
729
0
38
0
1
0
0
112
0
463 3 27
19683
2916
27
-104
1
4
1
0
0
162
213
55
132
464 1 27
27
-4
1
135
205
465 2 9
729
0
-10
0
1
0
0
46
0
466 2 3
729
0
-26
0
1
0
0
134
0
467 2 27
729
216
38
8
1
0
216
191
56
468 2 27
729
-108
38
-4
1
0
54
215
134
469 2 27
729
-216
38
-8
1
0
27
191
187
470 2 27
729
216
38
8
1
0
216
191
56
471 3 27
19683
0
27
-64
1
0
1
0
0
189
191
37
55
472 2 27
729
0
22
0
1
0
0
20
0
473 2 9
729
216
54
8
1
0
27
216
82
474 2 27
729
108
38
4
1
0
189
215
109
475 3 81
19683
0
891
128
33
0
1
0
0
81
10
99
54
476 2 9
729
0
-10
0
1
0
0
46
0
477 3 81
19683
0
891
128
33
0
1
0
0
81
10
99
54
478 3 27
19683
2916
459
88
17
4
1
0
0
54
229
137
126
479 3 27
19683
0
27
-64
1
0
1
0
0
189
191
37
55
480 1 27
27
4
1
135
38
481 2 27
729
-216
38
-8
1
0
27
191
187
482 2 27
729
0
38
0
1
0
0
112
0
483 2 81
729
108
22
4
1
0
0
225
19
484 2 81
729
-108
22
-4
1
0
0
225
224
485 2 9
729
108
-10
4
1
0
108
152
202
486 2 27
729
108
38
4
1
0
189
215
109
487 3 27
19683
-2916
891
-280
33
-4
1
0
0
81
151
13
203
488 2 27
729
0
38
0
1
0
0
112
0
489 2 81
729
-108
22
-4
1
0
0
225
224
490 2 9
729
0
-10
0
1
0
0
46
0
491 3 27
19683
2916
-405
-104
-15
4
1
0
0
162
152
121
43
492 2 9
729
0
-10
0
1
0
0
46
0
493 3 27
19683
5832
891
176
33
8
1
0
0
81
76
10
212
494 3 81
19683
-2916
459
40
17
-4
1
0
0
108
209
91
52
495 3 27
19683
8748
2619
584
97
12
1
0
0
189
116
190
187
496 2 81
729
108
22
4
1
0
0
225
19
497 2 81
729
108
22
4
1
0
0
225
19
498 2 3
729
0
-26
0
1
0
0
134
0
499 3 27
19683
2916
459
152
17
4
1
0
0
27
181
181
14
500 2 27
729
108
38
4
1
0
189
215
109
501 3 81
19683
2916
459
-40
17
4
1
0
0
108
34
91
191
502 3 27
19683
2916
459
152
17
4
1
0
0
27
181
181
14
503 3 27
19683
0
27
-64
1
0
1
0
0
189
191
37
55
504 2 27
729
0
38
0
1
0
0
112
0
505 3 81
19683
2916
459
-40
17
4
1
0
0
108
34
91
191
506 3 27
19683
5832
459
-16
17
8
1
0
0
135
107
197
66
507 3 81
19683
0
-405
-64
-15
0
1
0
0
162
82
90
54
508 3 27
19683
0
27
-128
1
0
1
0
0
189
112
223
224
509 3 27
19683
2916
459
152
17
4
1
0
0
27
181
181
14
510 3 27
19683
-2916
27
104
1
-4
1
0
0
162
30
55
111
511 4 27
531441
-78732
20412
-5292
1078
-196
28
-4
1
0
0
0
81
213
236
21
207
