control Q_3, A = 1 - T^2, d = 1: solution exists 1
control Q_6, A = 1 - T^2, d = 1: solution exists 1
N=5 middle polynomial: degree 12; squarefree 1
N=5 middle, d=1: [al, bt, solution exists] [[0, 2, 0], [1, 1, 0], [2, 0, 0]]
N=5 middle, d=2: [al, bt, solution exists] [[0, 3, 0], [1, 2, 0], [2, 1, 0], [3, 0, 0]]
N=5 middle, d=3: [al, bt, solution exists] [[0, 4, 0], [1, 3, 0], [2, 2, 0], [3, 1, 0], [4, 0, 0]]
N=5 middle, d=4: [al, bt, solution exists] [[0, 5, 0], [1, 4, 0], [2, 3, 0], [3, 2, 0], [4, 1, 0], [5, 0, 0]]
N=5 middle, d=5: [al, bt, solution exists] [[0, 6, 0], [1, 5, 0], [2, 4, 0], [3, 3, 0], [4, 2, 0], [5, 1, 0], [6, 0, 0]]
N=5 middle, d=6: [al, bt, solution exists] [[0, 7, 0], [1, 6, 0], [2, 5, 0], [3, 4, 0], [4, 3, 0], [5, 2, 0], [6, 1, 0], [7, 0, 0]]
N=5 middle, d=7: [al, bt, solution exists] [[0, 8, 0], [1, 7, 0], [2, 6, 0], [3, 5, 0], [4, 4, 0], [5, 3, 0], [6, 2, 0], [7, 1, 0], [8, 0, 0]]
N=5 middle, d=8: [al, bt, solution exists] [[0, 9, 0], [1, 8, 0], [2, 7, 0], [3, 6, 0], [4, 5, 0], [5, 4, 0], [6, 3, 0], [7, 2, 0], [8, 1, 0], [9, 0, 0]]
N=5 middle, d=9: [al, bt, solution exists] [[0, 10, 0], [1, 9, 0], [2, 8, 0], [3, 7, 0], [4, 6, 0], [5, 5, 0], [6, 4, 0], [7, 3, 0], [8, 2, 0], [9, 1, 0], [10, 0, 0]]
N=5 middle, d=10: [al, bt, solution exists] [[0, 11, 0], [1, 10, 0], [2, 9, 0], [3, 8, 0], [4, 7, 0], [5, 6, 0], [6, 5, 0], [7, 4, 0], [8, 3, 0], [9, 2, 0], [10, 1, 0], [11, 0, 0]]
N=5 middle, d=11: [al, bt, solution exists] [[0, 12, 1], [1, 11, 1], [2, 10, 1], [3, 9, 1], [4, 8, 1], [5, 7, 1], [6, 6, 1], [7, 5, 1], [8, 4, 1], [9, 3, 1], [10, 2, 1], [11, 1, 1], [12, 0, 1]]
